0.101872420113 
0.100094697941 
0.104470608809 
0.113924131723 
0.144337743806 
0.101115084996 
0.141499606248 
0.165706972486 
0.152376475411 
0.112362485931 
0.109603865705 
0.112756368884 
0.115684902018 
0.101814651894 
0.100437658556 
0.109814803953 
0.101572180667 
0.151917401546 
0.102649420478 
0.201390054688 
0.118645994502 
0.109579429809 
0.123065421801 
0.134018365015 
0.131194543316 
0.118219478019 
0.141838274926 
0.120690403779 
0.108183420483 
0.113200448314 
0.104936193416 
0.158424581131 
0.159532547867 
0.100894649405 
0.118174091079 
0.161593683935 
0.179674149296 
0.101027013593 
0.10297393668 
0.172588574425 
0.127471444465 
0.117376794043 
0.126456838651 
0.102956161449 
0.143189437642 
0.147370612744 
0.115658521272 
0.119281814632 
0.110898550059 
0.147606716713 
0.116759251688 
0.160664457865 
0.109200653367 
0.117705381469 
0.105463264198 
0.114508222368 
0.171432717695 
0.101631452387 
0.101746544536 
0.104312038695 
0.121479538714 
0.146452481056 
0.10947271417 
0.134126938589 
0.120645714975 
0.104562573044 
0.100589727478 
0.137430785486 
0.167279924434 
0.111400840765 
0.102630119946 
0.237910717136 
0.120441803543 
0.12284940883 
0.102849036785 
0.152478816904 
0.140617966539 
0.110492360454 
0.303101496878 
0.241927965158 
0.173728497683 
0.103077331856 
0.106769812006 
0.100096220228 
0.119116226424 
0.124866708713 
0.322264311286 
0.124576340808 
0.100447722504 
0.105611521594 
0.142628803725 
0.320736565192 
0.134498321197 
0.1248643852 
0.103450442544 
0.155022306202 
0.129212123101 
0.106449498484 
0.103393824362 
0.128083706095 
0.186173144852 
0.128980482027 
0.33650147579 
0.105648837231 
0.104291946391 
0.155474480239 
0.117973775857 
0.113264195092 
0.117617227547 
0.335029169397 
0.25314533985 
0.139709644538 
0.181194259988 
0.110100592382 
0.159444664333 
0.137103173818 
0.104281439973 
0.131384474323 
0.152897428008 
0.138980461333 
0.126193912082 
0.110417000716 
0.114966022518 
0.103326231126 
0.116677273616 
0.126837545603 
0.192799664356 
0.138255405657 
0.438111548477 
0.174040981025 
0.149959944078 
0.148250598543 
0.107248538099 
0.21561012849 
0.112386287012 
0.259630678216 
0.186378482043 
0.134812251843 
0.209012427377 
0.10781440561 
0.229984285807 
0.113831230445 
0.186485152929 
0.185966740676 
0.172229919362 
0.1039671284 
0.165135726369 
0.126442340069 
0.138012692188 
0.114930643462 
0.105377005412 
0.148072002112 
0.115230832123 
0.124349426354 
0.114471814158 
0.130731884689 
0.546582954304 
0.23177162516 
0.203534332185 
0.102219673548 
0.111478168423 
0.194406196205 
0.161621814351 
0.137674055814 
0.242157194525 
0.12019215069 
0.116012921456 
0.155325145468 
0.246642350947 
0.111097950998 
0.138789430947 
0.393683171053 
0.110310239777 
0.153497806162 
0.199462435468 
0.105089453737 
0.155284116045 
0.208813556376 
0.104164253133 
0.107430957234 
0.103559091071 
0.113831732988 
0.107420408638 
0.369279337075 
0.191356729303 
0.222705109544 
0.184131652577 
0.12030541878 
0.127058537232 
0.220008841134 
0.101002643168 
0.1092089977 
0.102057978975 
0.152315540675 
0.120206936903 
0.118093775716 
0.143184906793 
0.111948210081 
0.121580435787 
0.264725581483 
0.104287198211 
0.106448608361 
0.367609502022 
0.205637624164 
0.113094430314 
0.116001120814 
0.221555221461 
0.13806114225 
0.115495912739 
0.20499532321 
0.163307275293 
0.105505856592 
0.243084628481 
0.228970836222 
0.146328158708 
0.136512362068 
0.163085200243 
0.315737459613 
0.125856806529 
0.110886086861 
0.285025257041 
0.165975182358 
0.1269052011 
0.140899158378 
0.102700615376 
0.15434009054 
0.112755833279 
0.123574663157 
0.105201296888 
0.119973416503 
0.173435792169 
0.119506048397 
0.327947216161 
0.189887420725 
0.123286329349 
0.183652246764 
0.115592399749 
0.201671207676 
0.176854314308 
0.162862420705 
0.15616602149 
0.192881357325 
0.232742424062 
0.359798318899 
0.153255399249 
0.388074089717 
0.112116213979 
0.103928834474 
0.128754690166 
0.201473433485 
0.149174314466 
0.146513649089 
0.229839905192 
0.102998705127 
0.110778442223 
0.146944679924 
0.10771701385 
0.119063359848 
0.265550983377 
0.210496012943 
0.125400237481 
0.159048228787 
0.237168079606 
0.126432846236 
0.140981852817 
0.345229505066 
0.160344786933 
0.236983882231 
0.104595844609 
0.127402702213 
0.106227424054 
0.193580798433 
0.132681048751 
0.11375601084 
0.109855222206 
0.126062606313 
0.290803298737 
0.118360266561 
0.107992473081 
0.352620012854 
0.105154253662 
0.197666247415 
0.129784301617 
0.130099302646 
0.235907947154 
0.100811951308 
0.16083178712 
0.100759284787 
0.206867677535 
0.140355195407 
0.101998286289 
0.143457130453 
0.107983379752 
0.109692177699 
0.114871050358 
0.113589115739 
0.107907320125 
0.120636861568 
0.258381762503 
0.132038467311 
0.114931055268 
0.208892518534 
0.299700347688 
0.12609320443 
0.109732102624 
0.181185217181 
0.112277150914 
0.224009987553 
0.300741269338 
0.102643374493 
0.169662530466 
0.141268966798 
0.114233244765 
0.164575490047 
0.123317583793 
0.327544931385 
0.171464055219 
0.139381952959 
0.109828436182 
0.194388997947 
0.110692379917 
0.216705281156 
0.138017509082 
0.149645955914 
0.128195621016 
0.163077289166 
0.172019359604 
0.132886165025 
0.110831464804 
0.172803437427 
0.167417318616 
0.122032092523 
0.101676053246 
0.105657338295 
0.102762717062 
0.103696716463 
0.147370026328 
0.108724539788 
0.100017248222 
0.242920181877 
0.101734907075 
0.281399823522 
0.109877877892 
0.12232104805 
0.232983181534 
0.150566064809 
0.223995898321 
0.174112273603 
0.102780105827 
0.104486596533 
0.102441222076 
0.157662419673 
0.192286072409 
0.199951566736 
0.175837104179 
0.120342136534 
0.132875037058 
0.105917820425 
0.320102824944 
0.198405818042 
0.133853348882 
0.111468584936 
0.327694727489 
0.166735092265 
0.100378605363 
0.105739519756 
0.15398216072 
0.104714510239 
0.101748760503 
0.105562837297 
0.247449257823 
0.163801842028 
0.1103293686 
0.166777803523 
0.14075852916 
0.119948431434 
0.116781035685 
0.138659719721 
0.137385473931 
0.11640580866 
0.18979713167 
0.100609751427 
0.11070585808 
0.105751972531 
0.221265068961 
0.120180396267 
0.104572571054 
0.412113318805 
0.164784562826 
0.143729107437 
0.195810927861 
0.232629891541 
0.202585659603 
0.182933780741 
0.130174789081 
0.111222485984 
0.16432838948 
0.196122378971 
0.141803246388 
0.111342075293 
0.177308360092 
0.213681928716 
0.102691641753 
0.14075568352 
0.178516295962 
0.153980434552 
0.17680135667 
0.120059421582 
0.10845899754 
0.290817480053 
0.117955804235 
0.147763471027 
0.12331663509 
0.212737119236 
0.109648783871 
0.128016682725 
0.155759421528 
0.178415803823 
0.178241685021 
0.138093964143 
0.225325410036 
0.13244869324 
0.172686308984 
0.265052326889 
0.10799168234 
0.340215295506 
0.262107944481 
0.135536918979 
0.221577499056 
0.167324724072 
0.168182524605 
0.145680598533 
0.195681231379 
0.142031172757 
0.105284023856 
0.120826542403 
0.109206906256 
0.113152259954 
0.10642421671 
0.105098566817 
0.176991972375 
0.178679812078 
0.149723188318 
0.102640865873 
0.10360761325 
0.13414692857 
0.334389789168 
0.147475794205 
0.127131813559 
0.114656162351 
0.446515423678 
0.148552732413 
0.160879935084 
0.211068988135 
0.119525329905 
0.102595025884 
0.100772290565 
0.105774846389 
0.185728888827 
0.117333364815 
0.119544616027 
0.187312326889 
0.13438463741 
0.189127418268 
0.117124481166 
0.216124796807 
0.185307021589 
0.137380153603 
0.163541591909 
0.189680927814 
0.102720082864 
0.107996290587 
0.195601792737 
0.157621622419 
0.116980128352 
0.13579325768 
0.120998340326 
0.11629163797 
0.202287274371 
0.116000557432 
0.3341044184 
0.114715229151 
0.203845108402 
0.189736322488 
0.104805077755 
0.107075653983 
0.120418460949 
0.137411876646 
0.21396454404 
0.130196837068 
0.16479011718 
0.293389302583 
0.323679189688 
0.134405282717 
0.140078768048 
0.472267267624 
0.309075762295 
0.109988679771 
0.183711307437 
0.1612924774 
0.13636898334 
0.216228317774 
0.201188884354 
0.119058293832 
0.120493797792 
0.178766889549 
0.248784624134 
0.116654140575 
0.169866377845 
0.237570347397 
0.218137820548 
0.198370342603 
0.125199860894 
0.127266715546 
0.112418857671 
0.189840422792 
0.130549450023 
0.101645194229 
0.105760595871 
0.141563782882 
0.345996808381 
0.164890550573 
0.103618294783 
0.145985647066 
0.145430458407 
0.336924421809 
0.205419807937 
0.119772827719 
0.188162157681 
0.1158527162 
0.199894970763 
0.221662422684 
0.180332827492 
0.145307571243 
0.123534328779 
0.130952233755 
0.168498469007 
0.101106893776 
0.119059359303 
0.109586377054 
0.170824412401 
0.202903306367 
0.113855138588 
0.114759833383 
0.392077862713 
0.168974388938 
0.158283470315 
0.129958584001 
0.136573246456 
0.147305538512 
0.224505892687 
0.151443879152 
0.193656550531 
0.110914699312 
0.132994224643 
0.11856431447 
0.220652481114 
0.104039348486 
0.136362737887 
0.138623803789 
0.16065850537 
0.13075709615 
0.153757568506 
0.155402726344 
0.149751108815 
0.198050638721 
0.225142159112 
0.107390773863 
0.225056345862 
0.129026187207 
0.156597569627 
0.122847592745 
0.128824917603 
0.284037181251 
0.103562693773 
0.172831601056 
0.105829359783 
0.224973262991 
0.104859982179 
0.100986497633 
0.12346622414 
0.115324809946 
0.48123352276 
0.100531088701 
0.240774734099 
0.111904959478 
0.315072631876 
0.224293051476 
0.238038954649 
0.117638562436 
0.101872420113 
0.100094697941 
0.104470608809 
0.113924131723 
0.144337743806 
0.101115084996 
0.141499606248 
0.165706972486 
0.152376475411 
0.112362485931 
0.109603865705 
0.112756368884 
0.115684902018 
0.101814651894 
0.100437658556 
0.109814803953 
0.101572180667 
0.151917401546 
0.102649420478 
0.201390054688 
0.118645994502 
0.109579429809 
0.123065421801 
0.134018365015 
0.131194543316 
0.118219478019 
0.141838274926 
0.120690403779 
0.108183420483 
0.113200448314 
0.104936193416 
0.158424581131 
0.159532547867 
0.100894649405 
0.118174091079 
0.161593683935 
0.179674149296 
0.101027013593 
0.10297393668 
0.172588574425 
0.127471444465 
0.117376794043 
0.126456838651 
0.102956161449 
0.143189437642 
0.147370612744 
0.115658521272 
0.119281814632 
0.110898550059 
0.147606716713 
0.116759251688 
0.160664457865 
0.109200653367 
0.117705381469 
0.105463264198 
0.114508222368 
0.171432717695 
0.101631452387 
0.101746544536 
0.104312038695 
0.121479538714 
0.146452481056 
0.10947271417 
0.134126938589 
0.120645714975 
0.104562573044 
0.100589727478 
0.137430785486 
0.167279924434 
0.111400840765 
0.102630119946 
0.237910717136 
0.120441803543 
0.12284940883 
0.102849036785 
0.152478816904 
0.140617966539 
0.110492360454 
0.303101496878 
0.241927965158 
0.173728497683 
0.103077331856 
0.106769812006 
0.100096220228 
0.119116226424 
0.124866708713 
0.322264311286 
0.124576340808 
0.100447722504 
0.105611521594 
0.142628803725 
0.320736565192 
0.134498321197 
0.1248643852 
0.103450442544 
0.155022306202 
0.129212123101 
0.106449498484 
0.103393824362 
0.128083706095 
0.186173144852 
0.128980482027 
0.33650147579 
0.105648837231 
0.104291946391 
0.155474480239 
0.117973775857 
0.113264195092 
0.117617227547 
0.335029169397 
0.25314533985 
0.139709644538 
0.181194259988 
0.110100592382 
0.159444664333 
0.137103173818 
0.104281439973 
0.131384474323 
0.152897428008 
0.138980461333 
0.126193912082 
0.110417000716 
0.114966022518 
0.103326231126 
0.116677273616 
0.126837545603 
0.192799664356 
0.138255405657 
0.438111548477 
0.174040981025 
0.149959944078 
0.148250598543 
0.107248538099 
0.21561012849 
0.112386287012 
0.259630678216 
0.186378482043 
0.134812251843 
0.209012427377 
0.10781440561 
0.229984285807 
0.113831230445 
0.186485152929 
0.185966740676 
0.172229919362 
0.1039671284 
0.165135726369 
0.126442340069 
0.138012692188 
0.114930643462 
0.105377005412 
0.148072002112 
0.115230832123 
0.124349426354 
0.114471814158 
0.130731884689 
0.546582954304 
0.23177162516 
0.203534332185 
0.102219673548 
0.111478168423 
0.194406196205 
0.161621814351 
0.137674055814 
0.242157194525 
0.12019215069 
0.116012921456 
0.155325145468 
0.246642350947 
0.111097950998 
0.138789430947 
0.393683171053 
0.110310239777 
0.153497806162 
0.199462435468 
0.105089453737 
0.155284116045 
0.208813556376 
0.104164253133 
0.107430957234 
0.103559091071 
0.113831732988 
0.107420408638 
0.369279337075 
0.191356729303 
0.222705109544 
0.184131652577 
0.12030541878 
0.127058537232 
0.220008841134 
0.101002643168 
0.1092089977 
0.102057978975 
0.152315540675 
0.120206936903 
0.118093775716 
0.143184906793 
0.111948210081 
0.121580435787 
0.264725581483 
0.104287198211 
0.106448608361 
0.367609502022 
0.205637624164 
0.113094430314 
0.116001120814 
0.221555221461 
0.13806114225 
0.115495912739 
0.20499532321 
0.163307275293 
0.105505856592 
0.243084628481 
0.228970836222 
0.146328158708 
0.136512362068 
0.163085200243 
0.315737459613 
0.125856806529 
0.110886086861 
0.285025257041 
0.165975182358 
0.1269052011 
0.140899158378 
0.102700615376 
0.15434009054 
0.112755833279 
0.123574663157 
0.105201296888 
0.119973416503 
0.173435792169 
0.119506048397 
0.327947216161 
0.189887420725 
0.123286329349 
0.183652246764 
0.115592399749 
0.201671207676 
0.176854314308 
0.162862420705 
0.15616602149 
0.192881357325 
0.232742424062 
0.359798318899 
0.153255399249 
0.388074089717 
0.112116213979 
0.103928834474 
0.128754690166 
0.201473433485 
0.149174314466 
0.146513649089 
0.229839905192 
0.102998705127 
0.110778442223 
0.146944679924 
0.10771701385 
0.119063359848 
0.265550983377 
0.210496012943 
0.125400237481 
0.159048228787 
0.237168079606 
0.126432846236 
0.140981852817 
0.345229505066 
0.160344786933 
0.236983882231 
0.104595844609 
0.127402702213 
0.106227424054 
0.193580798433 
0.132681048751 
0.11375601084 
0.109855222206 
0.126062606313 
0.290803298737 
0.118360266561 
0.107992473081 
0.352620012854 
0.105154253662 
0.197666247415 
0.129784301617 
0.130099302646 
0.235907947154 
0.100811951308 
0.16083178712 
0.100759284787 
0.206867677535 
0.140355195407 
0.101998286289 
0.143457130453 
0.107983379752 
0.109692177699 
0.114871050358 
0.113589115739 
0.107907320125 
0.120636861568 
0.258381762503 
0.132038467311 
0.114931055268 
0.208892518534 
0.299700347688 
0.12609320443 
0.109732102624 
0.181185217181 
0.112277150914 
0.224009987553 
0.300741269338 
0.102643374493 
0.169662530466 
0.141268966798 
0.114233244765 
0.164575490047 
0.123317583793 
0.327544931385 
0.171464055219 
0.139381952959 
0.109828436182 
0.194388997947 
0.110692379917 
0.216705281156 
0.138017509082 
0.149645955914 
0.128195621016 
0.163077289166 
0.172019359604 
0.132886165025 
0.110831464804 
0.172803437427 
0.167417318616 
0.122032092523 
0.101676053246 
0.105657338295 
0.102762717062 
0.103696716463 
0.147370026328 
0.108724539788 
0.100017248222 
0.242920181877 
0.101734907075 
0.281399823522 
0.109877877892 
0.12232104805 
0.232983181534 
0.150566064809 
0.223995898321 
0.174112273603 
0.102780105827 
0.104486596533 
0.102441222076 
0.157662419673 
0.192286072409 
0.199951566736 
0.175837104179 
0.120342136534 
0.132875037058 
0.105917820425 
0.320102824944 
0.198405818042 
0.133853348882 
0.111468584936 
0.327694727489 
0.166735092265 
0.100378605363 
0.105739519756 
0.15398216072 
0.104714510239 
0.101748760503 
0.105562837297 
0.247449257823 
0.163801842028 
0.1103293686 
0.166777803523 
0.14075852916 
0.119948431434 
0.116781035685 
0.138659719721 
0.137385473931 
0.11640580866 
0.18979713167 
0.100609751427 
0.11070585808 
0.105751972531 
0.221265068961 
0.120180396267 
0.104572571054 
0.412113318805 
0.164784562826 
0.143729107437 
0.195810927861 
0.232629891541 
0.202585659603 
0.182933780741 
0.130174789081 
0.111222485984 
0.16432838948 
0.196122378971 
0.141803246388 
0.111342075293 
0.177308360092 
0.213681928716 
0.102691641753 
0.14075568352 
0.178516295962 
0.153980434552 
0.17680135667 
0.120059421582 
0.10845899754 
0.290817480053 
0.117955804235 
0.147763471027 
0.12331663509 
0.212737119236 
0.109648783871 
0.128016682725 
0.155759421528 
0.178415803823 
0.178241685021 
0.138093964143 
0.225325410036 
0.13244869324 
0.172686308984 
0.265052326889 
0.10799168234 
0.340215295506 
0.262107944481 
0.135536918979 
0.221577499056 
0.167324724072 
0.168182524605 
0.145680598533 
0.195681231379 
0.142031172757 
0.105284023856 
0.120826542403 
0.109206906256 
0.113152259954 
0.10642421671 
0.105098566817 
0.176991972375 
0.178679812078 
0.149723188318 
0.101872420113 
0.100094697941 
0.104470608809 
0.113924131723 
0.144337743806 
0.101115084996 
0.141499606248 
0.165706972486 
0.152376475411 
0.112362485931 
0.109603865705 
0.112756368884 
0.115684902018 
0.101814651894 
0.100437658556 
0.109814803953 
0.101572180667 
0.151917401546 
0.102649420478 
0.201390054688 
0.118645994502 
0.109579429809 
0.123065421801 
0.134018365015 
0.131194543316 
0.118219478019 
0.141838274926 
0.120690403779 
0.108183420483 
0.113200448314 
0.104936193416 
0.158424581131 
0.159532547867 
0.100894649405 
0.118174091079 
0.161593683935 
0.179674149296 
0.101027013593 
0.10297393668 
0.172588574425 
0.127471444465 
0.117376794043 
0.126456838651 
0.102956161449 
0.143189437642 
0.147370612744 
0.115658521272 
0.119281814632 
0.110898550059 
0.147606716713 
0.116759251688 
0.160664457865 
0.109200653367 
0.117705381469 
0.105463264198 
0.114508222368 
0.171432717695 
0.101631452387 
0.101746544536 
0.104312038695 
0.121479538714 
0.146452481056 
0.10947271417 
0.134126938589 
0.120645714975 
0.104562573044 
0.100589727478 
0.137430785486 
0.167279924434 
0.111400840765 
0.102630119946 
0.237910717136 
0.120441803543 
0.12284940883 
0.102849036785 
0.152478816904 
0.140617966539 
0.110492360454 
0.303101496878 
0.241927965158 
0.173728497683 
0.103077331856 
0.106769812006 
0.100096220228 
0.119116226424 
0.124866708713 
0.322264311286 
0.124576340808 
0.100447722504 
0.105611521594 
0.142628803725 
0.320736565192 
0.134498321197 
0.1248643852 
0.103450442544 
0.155022306202 
0.129212123101 
0.106449498484 
0.103393824362 
0.128083706095 
0.186173144852 
0.128980482027 
0.33650147579 
0.105648837231 
0.104291946391 
0.155474480239 
0.117973775857 
0.113264195092 
0.117617227547 
0.335029169397 
0.25314533985 
0.139709644538 
0.181194259988 
0.110100592382 
0.159444664333 
0.137103173818 
0.104281439973 
0.131384474323 
0.152897428008 
0.138980461333 
0.126193912082 
0.110417000716 
0.114966022518 
0.103326231126 
0.116677273616 
0.126837545603 
0.192799664356 
0.138255405657 
0.438111548477 
0.174040981025 
0.149959944078 
0.148250598543 
0.107248538099 
0.21561012849 
0.112386287012 
0.259630678216 
0.186378482043 
0.134812251843 
0.209012427377 
0.10781440561 
0.229984285807 
0.113831230445 
0.186485152929 
0.185966740676 
0.172229919362 
0.1039671284 
0.165135726369 
0.126442340069 
0.138012692188 
0.114930643462 
0.105377005412 
0.148072002112 
0.115230832123 
0.124349426354 
0.114471814158 
0.130731884689 
0.546582954304 
0.23177162516 
0.203534332185 
0.102219673548 
0.111478168423 
0.101872420113 
0.100094697941 
0.104470608809 
0.113924131723 
0.144337743806 
0.101115084996 
0.141499606248 
0.165706972486 
0.152376475411 
0.112362485931 
0.109603865705 
0.112756368884 
0.115684902018 
0.101814651894 
0.100437658556 
0.109814803953 
0.101572180667 
0.151917401546 
0.102649420478 
0.201390054688 
0.118645994502 
0.109579429809 
0.123065421801 
0.134018365015 
0.131194543316 
0.118219478019 
0.141838274926 
0.120690403779 
0.108183420483 
0.113200448314 
0.104936193416 
0.158424581131 
0.159532547867 
0.100894649405 
0.118174091079 
0.161593683935 
0.179674149296 
0.101027013593 
0.10297393668 
0.172588574425 
0.127471444465 
0.117376794043 
0.126456838651 
0.102956161449 
0.143189437642 
0.147370612744 
0.115658521272 
0.119281814632 
0.110898550059 
0.147606716713 
0.116759251688 
0.160664457865 
0.109200653367 
0.117705381469 
0.105463264198 
0.114508222368 
0.171432717695 
0.101631452387 
0.101746544536 
0.104312038695 
0.121479538714 
0.146452481056 
0.10947271417 
0.134126938589 
0.120645714975 
0.104562573044 
0.100589727478 
0.137430785486 
0.167279924434 
0.111400840765 
0.102630119946 
0.237910717136 
0.120441803543 
0.12284940883 
0.102849036785 
0.152478816904 
0.140617966539 
0.110492360454 
0.303101496878 
0.241927965158 
0.173728497683 
0.103077331856 
0.106769812006 
0.100096220228 
0.119116226424 
0.124866708713 
0.322264311286 
0.124576340808 
0.100447722504 
0.105611521594 
0.142628803725 
0.320736565192 
0.134498321197 
0.1248643852 
0.103450442544 
0.155022306202 
0.129212123101 
0.106449498484 
0.103393824362 
0.128083706095 
0.186173144852 
0.128980482027 
0.33650147579 
0.105648837231 
0.104291946391 
0.155474480239 
0.117973775857 
0.113264195092 
0.117617227547 
0.335029169397 
0.25314533985 
0.139709644538 
0.181194259988 
0.110100592382 
0.159444664333 
0.137103173818 
0.104281439973 
0.131384474323 
0.152897428008 
0.138980461333 
0.126193912082 
0.110417000716 
0.114966022518 
0.103326231126 
0.116677273616 
0.126837545603 
0.192799664356 
0.138255405657 
0.438111548477 
0.174040981025 
0.149959944078 
0.148250598543 
0.107248538099 
0.21561012849 
0.112386287012 
0.259630678216 
0.186378482043 
0.134812251843 
0.209012427377 
0.10781440561 
0.229984285807 
0.113831230445 
0.186485152929 
0.185966740676 
0.172229919362 
0.1039671284 
0.165135726369 
0.126442340069 
0.138012692188 
0.114930643462 
0.105377005412 
0.148072002112 
0.115230832123 
0.124349426354 
0.114471814158 
0.130731884689 
0.546582954304 
0.23177162516 
0.203534332185 
0.102219673548 
0.111478168423 
0.194406196205 
0.161621814351 
0.137674055814 
0.242157194525 
0.12019215069 
0.116012921456 
0.155325145468 
0.246642350947 
0.111097950998 
0.138789430947 
0.393683171053 
0.110310239777 
0.153497806162 
0.199462435468 
0.105089453737 
0.155284116045 
0.208813556376 
0.104164253133 
0.107430957234 
0.103559091071 
0.113831732988 
0.107420408638 
0.369279337075 
0.191356729303 
0.222705109544 
0.184131652577 
0.12030541878 
0.127058537232 
0.220008841134 
0.101002643168 
0.1092089977 
0.102057978975 
0.152315540675 
0.120206936903 
0.118093775716 
0.143184906793 
0.111948210081 
0.121580435787 
0.264725581483 
0.104287198211 
0.106448608361 
0.367609502022 
0.205637624164 
0.113094430314 
0.116001120814 
0.221555221461 
0.13806114225 
0.115495912739 
0.20499532321 
0.163307275293 
0.105505856592 
0.243084628481 
0.228970836222 
0.146328158708 
0.136512362068 
0.163085200243 
0.315737459613 
0.125856806529 
0.110886086861 
0.285025257041 
0.165975182358 
0.1269052011 
0.140899158378 
0.102700615376 
0.15434009054 
0.112755833279 
0.123574663157 
0.105201296888 
0.119973416503 
0.173435792169 
0.119506048397 
0.327947216161 
0.189887420725 
0.123286329349 
0.183652246764 
0.115592399749 
0.201671207676 
0.176854314308 
0.162862420705 
0.15616602149 
0.192881357325 
0.232742424062 
0.359798318899 
0.153255399249 
0.388074089717 
0.112116213979 
0.103928834474 
0.128754690166 
0.201473433485 
0.149174314466 
0.146513649089 
0.229839905192 
0.102998705127 
0.110778442223 
0.146944679924 
0.10771701385 
0.119063359848 
0.265550983377 
0.210496012943 
0.125400237481 
0.159048228787 
0.237168079606 
0.126432846236 
0.140981852817 
0.345229505066 
0.160344786933 
0.236983882231 
0.104595844609 
0.127402702213 
0.106227424054 
0.193580798433 
0.132681048751 
0.11375601084 
0.109855222206 
0.126062606313 
0.290803298737 
0.118360266561 
0.107992473081 
0.352620012854 
0.105154253662 
0.197666247415 
0.129784301617 
0.130099302646 
0.235907947154 
0.100811951308 
0.16083178712 
0.100759284787 
0.206867677535 
0.140355195407 
0.101998286289 
0.143457130453 
0.107983379752 
0.109692177699 
0.114871050358 
0.113589115739 
0.107907320125 
0.120636861568 
0.258381762503 
0.132038467311 
0.114931055268 
0.208892518534 
0.299700347688 
0.12609320443 
0.109732102624 
0.181185217181 
0.112277150914 
0.224009987553 
0.300741269338 
0.102643374493 
0.169662530466 
0.141268966798 
0.114233244765 
0.164575490047 
0.123317583793 
0.327544931385 
0.171464055219 
0.139381952959 
0.109828436182 
0.194388997947 
0.110692379917 
0.216705281156 
0.138017509082 
0.149645955914 
0.128195621016 
0.163077289166 
0.172019359604 
0.132886165025 
0.110831464804 
0.172803437427 
0.167417318616 
0.122032092523 
0.101676053246 
0.105657338295 
0.102762717062 
0.103696716463 
0.147370026328 
0.108724539788 
0.100017248222 
0.242920181877 
0.101734907075 
0.281399823522 
0.109877877892 
0.12232104805 
0.232983181534 
0.150566064809 
0.223995898321 
0.174112273603 
0.102780105827 
0.104486596533 
0.102441222076 
0.157662419673 
0.192286072409 
0.199951566736 
0.175837104179 
0.120342136534 
0.132875037058 
0.105917820425 
0.320102824944 
0.198405818042 
0.133853348882 
0.111468584936 
0.327694727489 
0.166735092265 
0.100378605363 
0.105739519756 
0.15398216072 
0.104714510239 
0.101748760503 
0.105562837297 
0.247449257823 
0.163801842028 
0.1103293686 
0.166777803523 
0.14075852916 
0.119948431434 
0.116781035685 
0.138659719721 
0.137385473931 
0.11640580866 
0.18979713167 
0.100609751427 
0.11070585808 
0.105751972531 
0.221265068961 
0.120180396267 
0.104572571054 
0.412113318805 
0.164784562826 
0.143729107437 
0.195810927861 
0.232629891541 
0.202585659603 
0.182933780741 
0.130174789081 
0.111222485984 
0.16432838948 
0.196122378971 
0.141803246388 
0.111342075293 
0.177308360092 
0.213681928716 
0.102691641753 
0.14075568352 
0.178516295962 
0.153980434552 
0.17680135667 
0.120059421582 
0.10845899754 
0.290817480053 
0.117955804235 
0.147763471027 
0.12331663509 
0.212737119236 
0.109648783871 
0.128016682725 
0.155759421528 
0.178415803823 
0.178241685021 
0.138093964143 
0.225325410036 
0.13244869324 
0.172686308984 
0.265052326889 
0.10799168234 
0.340215295506 
0.262107944481 
0.135536918979 
0.221577499056 
0.167324724072 
0.168182524605 
0.145680598533 
0.195681231379 
0.142031172757 
0.105284023856 
0.120826542403 
0.109206906256 
0.113152259954 
0.10642421671 
0.105098566817 
0.176991972375 
0.178679812078 
0.149723188318 
0.102640865873 
0.10360761325 
0.13414692857 
0.334389789168 
0.147475794205 
0.127131813559 
0.114656162351 
0.446515423678 
0.148552732413 
0.160879935084 
0.211068988135 
0.119525329905 
0.102595025884 
0.100772290565 
0.105774846389 
0.185728888827 
0.117333364815 
0.119544616027 
0.187312326889 
0.13438463741 
0.189127418268 
0.117124481166 
0.216124796807 
0.185307021589 
0.137380153603 
0.163541591909 
0.189680927814 
0.102720082864 
0.107996290587 
0.195601792737 
0.157621622419 
0.116980128352 
0.13579325768 
0.120998340326 
0.11629163797 
0.202287274371 
0.116000557432 
0.3341044184 
0.114715229151 
0.203845108402 
0.189736322488 
0.104805077755 
0.107075653983 
0.120418460949 
0.137411876646 
0.21396454404 
0.130196837068 
0.16479011718 
0.293389302583 
0.323679189688 
0.134405282717 
0.140078768048 
0.472267267624 
0.309075762295 
0.109988679771 
0.183711307437 
0.1612924774 
0.13636898334 
0.216228317774 
0.201188884354 
0.119058293832 
0.120493797792 
0.178766889549 
0.248784624134 
0.116654140575 
0.169866377845 
0.237570347397 
0.218137820548 
0.198370342603 
0.125199860894 
0.127266715546 
0.112418857671 
0.189840422792 
0.130549450023 
0.101645194229 
0.105760595871 
0.141563782882 
0.345996808381 
0.164890550573 
0.103618294783 
0.145985647066 
0.145430458407 
0.336924421809 
0.205419807937 
0.119772827719 
0.188162157681 
0.1158527162 
0.199894970763 
0.221662422684 
0.180332827492 
0.145307571243 
0.123534328779 
0.130952233755 
0.168498469007 
0.101106893776 
0.119059359303 
0.109586377054 
0.170824412401 
0.202903306367 
0.113855138588 
0.114759833383 
0.392077862713 
0.168974388938 
0.158283470315 
0.129958584001 
0.136573246456 
0.147305538512 
0.224505892687 
0.151443879152 
0.193656550531 
0.110914699312 
0.132994224643 
0.11856431447 
0.220652481114 
0.104039348486 
0.136362737887 
0.138623803789 
0.16065850537 
0.13075709615 
0.153757568506 
0.155402726344 
0.149751108815 
0.198050638721 
0.225142159112 
0.107390773863 
0.225056345862 
0.129026187207 
0.156597569627 
0.122847592745 
0.128824917603 
0.284037181251 
0.103562693773 
0.172831601056 
0.105829359783 
0.224973262991 
0.104859982179 
0.100986497633 
0.12346622414 
0.115324809946 
0.48123352276 
0.100531088701 
0.240774734099 
0.111904959478 
0.315072631876 
0.224293051476 
0.238038954649 
0.117638562436 
0.101872420113 
0.100094697941 
0.104470608809 
0.113924131723 
0.144337743806 
0.101115084996 
0.141499606248 
0.165706972486 
0.152376475411 
0.112362485931 
0.109603865705 
0.112756368884 
0.115684902018 
0.101814651894 
0.100437658556 
0.109814803953 
0.101572180667 
0.151917401546 
0.102649420478 
0.201390054688 
0.118645994502 
0.109579429809 
0.123065421801 
0.134018365015 
0.131194543316 
0.118219478019 
0.141838274926 
0.120690403779 
0.108183420483 
0.113200448314 
0.104936193416 
0.158424581131 
0.159532547867 
0.100894649405 
0.118174091079 
0.161593683935 
0.179674149296 
0.101027013593 
0.10297393668 
0.172588574425 
0.127471444465 
0.117376794043 
0.126456838651 
0.102956161449 
0.143189437642 
0.147370612744 
0.115658521272 
0.119281814632 
0.110898550059 
0.147606716713 
0.116759251688 
0.160664457865 
0.109200653367 
0.117705381469 
0.105463264198 
0.114508222368 
0.171432717695 
0.101631452387 
0.101746544536 
0.104312038695 
0.121479538714 
0.146452481056 
0.10947271417 
0.134126938589 
0.120645714975 
0.104562573044 
0.100589727478 
0.137430785486 
0.167279924434 
0.111400840765 
0.102630119946 
0.237910717136 
0.120441803543 
0.12284940883 
0.102849036785 
0.152478816904 
0.140617966539 
0.110492360454 
0.303101496878 
0.241927965158 
0.173728497683 
0.103077331856 
0.106769812006 
0.100096220228 
0.119116226424 
0.124866708713 
0.322264311286 
0.124576340808 
0.100447722504 
0.105611521594 
0.142628803725 
0.320736565192 
0.134498321197 
0.1248643852 
0.103450442544 
0.155022306202 
0.129212123101 
0.106449498484 
0.103393824362 
0.128083706095 
0.186173144852 
0.128980482027 
0.33650147579 
0.105648837231 
0.104291946391 
0.155474480239 
0.117973775857 
0.113264195092 
0.117617227547 
0.335029169397 
0.25314533985 
0.139709644538 
0.181194259988 
0.110100592382 
0.159444664333 
0.137103173818 
0.104281439973 
0.131384474323 
0.152897428008 
0.138980461333 
0.126193912082 
0.110417000716 
0.114966022518 
0.103326231126 
0.116677273616 
0.126837545603 
0.192799664356 
0.138255405657 
0.438111548477 
0.174040981025 
0.149959944078 
0.148250598543 
0.107248538099 
0.21561012849 
0.112386287012 
0.259630678216 
0.186378482043 
0.134812251843 
0.209012427377 
0.10781440561 
0.229984285807 
0.113831230445 
0.186485152929 
0.185966740676 
0.172229919362 
0.1039671284 
0.165135726369 
0.126442340069 
0.138012692188 
0.114930643462 
0.105377005412 
0.148072002112 
0.115230832123 
0.124349426354 
0.114471814158 
0.130731884689 
0.546582954304 
0.23177162516 
0.203534332185 
0.102219673548 
0.111478168423 
0.194406196205 
0.161621814351 
0.137674055814 
0.242157194525 
0.12019215069 
0.116012921456 
0.155325145468 
0.246642350947 
0.111097950998 
0.138789430947 
0.393683171053 
0.110310239777 
0.153497806162 
0.199462435468 
0.105089453737 
0.155284116045 
0.208813556376 
0.104164253133 
0.107430957234 
0.103559091071 
0.113831732988 
0.107420408638 
0.369279337075 
0.191356729303 
0.222705109544 
0.184131652577 
0.12030541878 
0.127058537232 
0.220008841134 
0.101002643168 
0.1092089977 
0.102057978975 
0.152315540675 
0.120206936903 
0.118093775716 
0.143184906793 
0.111948210081 
0.121580435787 
0.264725581483 
0.104287198211 
0.106448608361 
0.367609502022 
0.205637624164 
0.113094430314 
0.116001120814 
0.221555221461 
0.13806114225 
0.115495912739 
0.20499532321 
0.163307275293 
0.105505856592 
0.243084628481 
0.228970836222 
0.146328158708 
0.136512362068 
0.163085200243 
0.315737459613 
0.125856806529 
0.110886086861 
0.285025257041 
0.165975182358 
0.1269052011 
0.140899158378 
0.102700615376 
0.15434009054 
0.112755833279 
0.123574663157 
0.105201296888 
0.119973416503 
0.173435792169 
0.119506048397 
0.327947216161 
0.189887420725 
0.123286329349 
0.183652246764 
0.115592399749 
0.201671207676 
0.176854314308 
0.162862420705 
0.15616602149 
0.192881357325 
0.232742424062 
0.359798318899 
0.153255399249 
0.388074089717 
0.112116213979 
0.103928834474 
0.128754690166 
0.201473433485 
0.149174314466 
0.146513649089 
0.229839905192 
0.102998705127 
0.110778442223 
0.146944679924 
0.10771701385 
0.119063359848 
0.265550983377 
0.210496012943 
0.125400237481 
0.159048228787 
0.237168079606 
0.126432846236 
0.140981852817 
0.345229505066 
0.160344786933 
0.236983882231 
0.104595844609 
0.127402702213 
0.106227424054 
0.193580798433 
0.132681048751 
0.11375601084 
0.109855222206 
0.126062606313 
0.290803298737 
0.118360266561 
0.107992473081 
0.352620012854 
0.105154253662 
0.197666247415 
0.129784301617 
0.130099302646 
0.235907947154 
0.100811951308 
0.16083178712 
0.100759284787 
0.206867677535 
0.140355195407 
0.101998286289 
0.143457130453 
0.107983379752 
0.109692177699 
0.114871050358 
0.113589115739 
0.107907320125 
0.120636861568 
0.258381762503 
0.132038467311 
0.114931055268 
0.208892518534 
0.299700347688 
0.12609320443 
0.109732102624 
0.181185217181 
0.112277150914 
0.224009987553 
0.300741269338 
0.102643374493 
0.169662530466 
0.141268966798 
0.114233244765 
0.164575490047 
0.123317583793 
0.327544931385 
0.171464055219 
0.139381952959 
0.109828436182 
0.194388997947 
0.110692379917 
0.216705281156 
0.138017509082 
0.149645955914 
0.128195621016 
0.163077289166 
0.172019359604 
0.132886165025 
0.110831464804 
0.172803437427 
0.167417318616 
0.122032092523 
0.101676053246 
0.105657338295 
0.102762717062 
0.103696716463 
0.147370026328 
0.108724539788 
0.100017248222 
0.242920181877 
0.101734907075 
0.281399823522 
0.109877877892 
0.12232104805 
0.232983181534 
0.150566064809 
0.223995898321 
0.174112273603 
0.102780105827 
0.104486596533 
0.102441222076 
0.157662419673 
0.192286072409 
0.199951566736 
0.175837104179 
0.120342136534 
0.132875037058 
0.105917820425 
0.320102824944 
0.198405818042 
0.133853348882 
0.111468584936 
0.327694727489 
0.166735092265 
0.100378605363 
0.105739519756 
0.15398216072 
0.104714510239 
0.101748760503 
0.105562837297 
0.247449257823 
0.163801842028 
0.1103293686 
0.166777803523 
0.14075852916 
0.119948431434 
0.116781035685 
0.138659719721 
0.137385473931 
0.11640580866 
0.18979713167 
0.100609751427 
0.11070585808 
0.105751972531 
0.221265068961 
0.120180396267 
0.104572571054 
0.412113318805 
0.164784562826 
0.143729107437 
0.195810927861 
0.232629891541 
0.202585659603 
0.182933780741 
0.130174789081 
0.111222485984 
0.16432838948 
0.196122378971 
0.141803246388 
0.111342075293 
0.177308360092 
0.213681928716 
0.102691641753 
0.14075568352 
0.178516295962 
0.153980434552 
0.17680135667 
0.120059421582 
0.10845899754 
0.290817480053 
0.117955804235 
0.147763471027 
0.12331663509 
0.212737119236 
0.109648783871 
0.128016682725 
0.155759421528 
0.178415803823 
0.178241685021 
0.138093964143 
0.225325410036 
0.13244869324 
0.172686308984 
0.265052326889 
0.10799168234 
0.340215295506 
0.262107944481 
0.135536918979 
0.221577499056 
0.167324724072 
0.168182524605 
0.145680598533 
0.195681231379 
0.142031172757 
0.105284023856 
0.120826542403 
0.109206906256 
0.113152259954 
0.10642421671 
0.105098566817 
0.176991972375 
0.178679812078 
0.149723188318 
0.102640865873 
0.10360761325 
0.13414692857 
0.334389789168 
0.147475794205 
0.127131813559 
0.114656162351 
0.446515423678 
0.148552732413 
0.160879935084 
0.211068988135 
0.119525329905 
0.102595025884 
0.100772290565 
0.105774846389 
0.185728888827 
0.117333364815 
0.119544616027 
0.187312326889 
0.13438463741 
0.189127418268 
0.117124481166 
0.216124796807 
0.185307021589 
0.137380153603 
0.163541591909 
0.189680927814 
0.102720082864 
0.107996290587 
0.195601792737 
0.157621622419 
0.116980128352 
0.13579325768 
0.120998340326 
0.11629163797 
0.202287274371 
0.116000557432 
0.3341044184 
0.114715229151 
0.203845108402 
0.189736322488 
0.104805077755 
0.107075653983 
0.120418460949 
0.137411876646 
0.21396454404 
0.130196837068 
0.16479011718 
0.293389302583 
0.323679189688 
0.134405282717 
0.140078768048 
0.472267267624 
0.309075762295 
0.109988679771 
0.183711307437 
0.1612924774 
0.13636898334 
0.216228317774 
0.201188884354 
0.119058293832 
0.120493797792 
0.178766889549 
0.248784624134 
0.116654140575 
0.169866377845 
0.237570347397 
0.218137820548 
0.198370342603 
0.125199860894 
0.127266715546 
0.112418857671 
0.189840422792 
0.130549450023 
0.101645194229 
0.105760595871 
0.141563782882 
0.345996808381 
0.164890550573 
0.103618294783 
0.145985647066 
0.145430458407 
0.336924421809 
0.205419807937 
0.119772827719 
0.188162157681 
0.1158527162 
0.199894970763 
0.221662422684 
0.180332827492 
0.145307571243 
0.123534328779 
0.130952233755 
0.168498469007 
0.101106893776 
0.119059359303 
0.109586377054 
0.170824412401 
0.202903306367 
0.113855138588 
0.114759833383 
0.392077862713 
0.168974388938 
0.158283470315 
0.129958584001 
0.136573246456 
0.147305538512 
0.224505892687 
0.151443879152 
0.193656550531 
0.110914699312 
0.132994224643 
0.11856431447 
0.220652481114 
0.104039348486 
0.136362737887 
0.138623803789 
0.16065850537 
0.13075709615 
0.153757568506 
0.155402726344 
0.149751108815 
0.198050638721 
0.225142159112 
0.107390773863 
0.225056345862 
0.129026187207 
0.156597569627 
0.122847592745 
0.128824917603 
0.284037181251 
0.103562693773 
0.172831601056 
0.105829359783 
0.224973262991 
0.104859982179 
0.100986497633 
0.12346622414 
0.115324809946 
0.48123352276 
0.100531088701 
0.240774734099 
0.111904959478 
0.315072631876 
0.224293051476 
0.238038954649 
0.117638562436 
0.101872420113 
0.100094697941 
0.104470608809 
0.113924131723 
0.144337743806 
0.101115084996 
0.141499606248 
0.165706972486 
0.152376475411 
0.112362485931 
0.109603865705 
0.112756368884 
0.115684902018 
0.101814651894 
0.100437658556 
0.109814803953 
0.101572180667 
0.151917401546 
0.102649420478 
0.201390054688 
0.118645994502 
0.109579429809 
0.123065421801 
0.134018365015 
0.131194543316 
0.118219478019 
0.141838274926 
0.120690403779 
0.108183420483 
0.113200448314 
0.104936193416 
0.158424581131 
0.159532547867 
0.100894649405 
0.118174091079 
0.161593683935 
0.179674149296 
0.101027013593 
0.10297393668 
0.172588574425 
0.127471444465 
0.117376794043 
0.126456838651 
0.102956161449 
0.143189437642 
0.147370612744 
0.115658521272 
0.119281814632 
0.110898550059 
0.147606716713 
0.116759251688 
0.160664457865 
0.109200653367 
0.117705381469 
0.105463264198 
0.114508222368 
0.171432717695 
0.101631452387 
0.101746544536 
0.104312038695 
0.121479538714 
0.146452481056 
0.10947271417 
0.134126938589 
0.120645714975 
0.104562573044 
0.100589727478 
0.137430785486 
0.167279924434 
0.111400840765 
0.102630119946 
0.237910717136 
0.120441803543 
0.12284940883 
0.102849036785 
0.152478816904 
0.140617966539 
0.110492360454 
0.303101496878 
0.241927965158 
0.173728497683 
0.103077331856 
0.106769812006 
0.100096220228 
0.119116226424 
0.124866708713 
0.322264311286 
0.124576340808 
0.100447722504 
0.105611521594 
0.142628803725 
0.320736565192 
0.134498321197 
0.1248643852 
0.103450442544 
0.155022306202 
0.129212123101 
0.106449498484 
0.103393824362 
0.128083706095 
0.186173144852 
0.128980482027 
0.33650147579 
0.105648837231 
0.104291946391 
0.155474480239 
0.117973775857 
0.113264195092 
0.117617227547 
0.335029169397 
0.25314533985 
0.139709644538 
0.181194259988 
0.110100592382 
0.159444664333 
0.137103173818 
0.104281439973 
0.131384474323 
0.152897428008 
0.138980461333 
0.126193912082 
0.110417000716 
0.114966022518 
0.103326231126 
0.116677273616 
0.126837545603 
0.192799664356 
0.138255405657 
0.438111548477 
0.174040981025 
0.149959944078 
0.148250598543 
0.107248538099 
0.21561012849 
0.112386287012 
0.259630678216 
0.186378482043 
0.134812251843 
0.209012427377 
0.10781440561 
0.229984285807 
0.113831230445 
0.186485152929 
0.185966740676 
0.172229919362 
0.1039671284 
0.165135726369 
0.126442340069 
0.138012692188 
0.114930643462 
0.105377005412 
0.148072002112 
0.115230832123 
0.124349426354 
0.114471814158 
0.130731884689 
0.546582954304 
0.23177162516 
0.203534332185 
0.102219673548 
0.111478168423 
0.194406196205 
0.161621814351 
0.137674055814 
0.242157194525 
0.12019215069 
0.116012921456 
0.155325145468 
0.246642350947 
0.111097950998 
0.138789430947 
0.393683171053 
0.110310239777 
0.153497806162 
0.199462435468 
0.105089453737 
0.155284116045 
0.208813556376 
0.104164253133 
0.107430957234 
0.103559091071 
0.113831732988 
0.107420408638 
0.369279337075 
0.191356729303 
0.222705109544 
0.184131652577 
0.12030541878 
0.127058537232 
0.220008841134 
0.101002643168 
0.1092089977 
0.102057978975 
0.152315540675 
0.120206936903 
0.118093775716 
0.143184906793 
0.111948210081 
0.121580435787 
0.264725581483 
0.104287198211 
0.106448608361 
0.367609502022 
0.205637624164 
0.113094430314 
0.116001120814 
0.221555221461 
0.13806114225 
0.115495912739 
0.20499532321 
0.163307275293 
0.105505856592 
0.243084628481 
0.228970836222 
0.146328158708 
0.136512362068 
0.163085200243 
0.315737459613 
0.125856806529 
0.110886086861 
0.285025257041 
0.165975182358 
0.1269052011 
0.140899158378 
0.102700615376 
0.15434009054 
0.112755833279 
0.123574663157 
0.105201296888 
0.119973416503 
0.173435792169 
0.119506048397 
0.327947216161 
0.189887420725 
0.123286329349 
0.183652246764 
0.115592399749 
0.201671207676 
0.176854314308 
0.162862420705 
0.15616602149 
0.192881357325 
0.232742424062 
0.359798318899 
0.153255399249 
0.388074089717 
0.112116213979 
0.103928834474 
0.128754690166 
0.201473433485 
0.149174314466 
0.146513649089 
0.229839905192 
0.102998705127 
0.110778442223 
0.146944679924 
0.10771701385 
0.119063359848 
0.265550983377 
0.210496012943 
0.125400237481 
0.159048228787 
0.237168079606 
0.126432846236 
0.140981852817 
0.345229505066 
0.160344786933 
0.236983882231 
0.104595844609 
0.127402702213 
0.106227424054 
0.193580798433 
0.132681048751 
0.11375601084 
0.109855222206 
0.126062606313 
0.290803298737 
0.118360266561 
0.107992473081 
0.352620012854 
0.105154253662 
0.197666247415 
0.129784301617 
0.130099302646 
0.235907947154 
0.100811951308 
0.16083178712 
0.100759284787 
0.206867677535 
0.140355195407 
0.101998286289 
0.143457130453 
0.107983379752 
0.109692177699 
0.114871050358 
0.113589115739 
0.107907320125 
0.120636861568 
0.258381762503 
0.101872420113 
0.100094697941 
0.104470608809 
0.113924131723 
0.144337743806 
0.101115084996 
0.141499606248 
0.165706972486 
0.152376475411 
0.112362485931 
0.109603865705 
0.112756368884 
0.115684902018 
0.101814651894 
0.100437658556 
0.109814803953 
0.101572180667 
0.151917401546 
0.102649420478 
0.201390054688 
0.118645994502 
0.109579429809 
0.123065421801 
0.134018365015 
0.131194543316 
0.118219478019 
0.141838274926 
0.120690403779 
0.108183420483 
0.113200448314 
0.104936193416 
0.158424581131 
0.159532547867 
0.100894649405 
0.118174091079 
0.161593683935 
0.179674149296 
0.101027013593 
0.10297393668 
0.172588574425 
0.127471444465 
0.117376794043 
0.126456838651 
0.102956161449 
0.143189437642 
0.147370612744 
0.115658521272 
0.119281814632 
0.110898550059 
0.147606716713 
0.116759251688 
0.160664457865 
0.109200653367 
0.117705381469 
0.105463264198 
0.114508222368 
0.171432717695 
0.101631452387 
0.101746544536 
0.104312038695 
0.121479538714 
0.146452481056 
0.10947271417 
0.134126938589 
0.120645714975 
0.104562573044 
0.100589727478 
0.137430785486 
0.167279924434 
0.111400840765 
0.102630119946 
0.237910717136 
0.120441803543 
0.12284940883 
0.102849036785 
0.152478816904 
0.140617966539 
0.110492360454 
0.303101496878 
0.241927965158 
0.173728497683 
0.103077331856 
0.106769812006 
0.100096220228 
0.119116226424 
0.124866708713 
0.322264311286 
0.124576340808 
0.100447722504 
0.105611521594 
0.142628803725 
0.320736565192 
0.134498321197 
0.1248643852 
0.103450442544 
0.155022306202 
0.129212123101 
0.106449498484 
0.103393824362 
0.128083706095 
0.186173144852 
0.128980482027 
0.33650147579 
0.105648837231 
0.104291946391 
0.155474480239 
0.117973775857 
0.113264195092 
0.117617227547 
0.335029169397 
0.25314533985 
0.139709644538 
0.181194259988 
0.110100592382 
0.159444664333 
0.137103173818 
0.104281439973 
0.131384474323 
0.152897428008 
0.138980461333 
0.126193912082 
0.110417000716 
0.114966022518 
0.103326231126 
0.116677273616 
0.126837545603 
0.192799664356 
0.138255405657 
0.438111548477 
0.174040981025 
0.149959944078 
0.148250598543 
0.107248538099 
0.21561012849 
0.112386287012 
0.259630678216 
0.186378482043 
0.134812251843 
0.209012427377 
0.10781440561 
0.229984285807 
0.113831230445 
0.186485152929 
0.185966740676 
0.172229919362 
0.1039671284 
0.165135726369 
0.126442340069 
0.138012692188 
0.114930643462 
0.105377005412 
0.148072002112 
0.115230832123 
0.124349426354 
0.114471814158 
0.130731884689 
0.546582954304 
0.23177162516 
0.203534332185 
0.102219673548 
0.111478168423 
0.194406196205 
0.161621814351 
0.137674055814 
0.242157194525 
0.12019215069 
0.116012921456 
0.155325145468 
0.246642350947 
0.111097950998 
0.138789430947 
0.393683171053 
0.110310239777 
0.153497806162 
0.199462435468 
0.105089453737 
0.155284116045 
0.208813556376 
0.104164253133 
0.107430957234 
0.103559091071 
0.113831732988 
0.107420408638 
0.369279337075 
0.191356729303 
0.222705109544 
0.184131652577 
0.12030541878 
0.127058537232 
0.220008841134 
0.101002643168 
0.1092089977 
0.102057978975 
0.152315540675 
0.120206936903 
0.118093775716 
0.143184906793 
0.111948210081 
0.121580435787 
0.264725581483 
0.104287198211 
0.106448608361 
0.367609502022 
0.205637624164 
0.113094430314 
0.116001120814 
0.221555221461 
0.13806114225 
0.115495912739 
0.20499532321 
0.163307275293 
0.105505856592 
0.243084628481 
0.228970836222 
0.146328158708 
0.136512362068 
0.163085200243 
0.315737459613 
0.125856806529 
0.110886086861 
0.285025257041 
0.165975182358 
0.1269052011 
0.140899158378 
0.102700615376 
0.15434009054 
0.112755833279 
0.123574663157 
0.105201296888 
0.119973416503 
0.173435792169 
0.119506048397 
0.327947216161 
0.189887420725 
0.123286329349 
0.183652246764 
0.115592399749 
0.201671207676 
0.176854314308 
0.162862420705 
0.15616602149 
0.192881357325 
0.232742424062 
0.359798318899 
0.153255399249 
0.388074089717 
0.112116213979 
0.103928834474 
0.128754690166 
0.201473433485 
0.149174314466 
0.146513649089 
0.229839905192 
0.102998705127 
0.110778442223 
0.146944679924 
0.10771701385 
0.119063359848 
0.265550983377 
0.210496012943 
0.125400237481 
0.159048228787 
0.237168079606 
0.126432846236 
0.140981852817 
0.345229505066 
0.160344786933 
0.236983882231 
0.104595844609 
0.127402702213 
0.106227424054 
0.193580798433 
0.132681048751 
0.11375601084 
0.109855222206 
0.126062606313 
0.290803298737 
0.118360266561 
0.107992473081 
0.352620012854 
0.105154253662 
0.197666247415 
0.129784301617 
0.130099302646 
0.235907947154 
0.100811951308 
0.16083178712 
0.100759284787 
0.206867677535 
0.140355195407 
0.101998286289 
0.143457130453 
0.107983379752 
0.109692177699 
0.114871050358 
0.113589115739 
0.107907320125 
0.120636861568 
0.258381762503 
0.101872420113 
0.100094697941 
0.104470608809 
0.113924131723 
0.144337743806 
0.101115084996 
0.141499606248 
0.165706972486 
0.152376475411 
0.112362485931 
0.109603865705 
0.112756368884 
0.115684902018 
0.101814651894 
0.100437658556 
0.109814803953 
0.101572180667 
0.151917401546 
0.102649420478 
0.201390054688 
0.118645994502 
0.109579429809 
0.123065421801 
0.134018365015 
0.131194543316 
0.118219478019 
0.141838274926 
0.120690403779 
0.108183420483 
0.113200448314 
0.104936193416 
0.158424581131 
0.159532547867 
0.100894649405 
0.118174091079 
0.161593683935 
0.179674149296 
0.101027013593 
0.10297393668 
0.172588574425 
0.127471444465 
0.117376794043 
0.126456838651 
0.102956161449 
0.143189437642 
0.147370612744 
0.115658521272 
0.119281814632 
0.110898550059 
0.147606716713 
0.116759251688 
0.160664457865 
0.109200653367 
0.117705381469 
0.105463264198 
0.114508222368 
0.171432717695 
0.101631452387 
0.101746544536 
0.104312038695 
0.121479538714 
0.146452481056 
0.10947271417 
0.134126938589 
0.120645714975 
0.104562573044 
0.100589727478 
0.137430785486 
0.167279924434 
0.111400840765 
0.102630119946 
0.237910717136 
0.120441803543 
0.12284940883 
0.102849036785 
0.152478816904 
0.140617966539 
0.110492360454 
0.303101496878 
0.241927965158 
0.173728497683 
0.103077331856 
0.106769812006 
0.100096220228 
0.119116226424 
0.124866708713 
0.322264311286 
0.124576340808 
0.100447722504 
0.105611521594 
0.142628803725 
0.320736565192 
0.134498321197 
0.1248643852 
0.103450442544 
0.155022306202 
0.129212123101 
0.106449498484 
0.103393824362 
0.128083706095 
0.186173144852 
0.128980482027 
0.33650147579 
0.105648837231 
0.104291946391 
0.155474480239 
0.117973775857 
0.113264195092 
0.117617227547 
0.335029169397 
0.25314533985 
0.139709644538 
0.181194259988 
0.110100592382 
0.159444664333 
0.137103173818 
0.104281439973 
0.131384474323 
0.152897428008 
0.138980461333 
0.126193912082 
0.110417000716 
0.114966022518 
0.103326231126 
0.116677273616 
0.126837545603 
0.192799664356 
0.138255405657 
0.438111548477 
0.174040981025 
0.149959944078 
0.148250598543 
0.107248538099 
0.21561012849 
0.112386287012 
0.259630678216 
0.186378482043 
0.134812251843 
0.209012427377 
0.10781440561 
0.229984285807 
0.113831230445 
0.186485152929 
0.185966740676 
0.172229919362 
0.1039671284 
0.165135726369 
0.126442340069 
0.138012692188 
0.114930643462 
0.105377005412 
0.148072002112 
0.115230832123 
0.124349426354 
0.114471814158 
0.130731884689 
0.546582954304 
0.23177162516 
0.203534332185 
0.102219673548 
0.111478168423 
0.194406196205 
0.161621814351 
0.137674055814 
0.242157194525 
0.12019215069 
0.116012921456 
0.155325145468 
0.246642350947 
0.111097950998 
0.138789430947 
0.393683171053 
0.110310239777 
0.153497806162 
0.199462435468 
0.105089453737 
0.155284116045 
0.208813556376 
0.104164253133 
0.107430957234 
0.103559091071 
0.113831732988 
0.107420408638 
0.369279337075 
0.191356729303 
0.222705109544 
0.184131652577 
0.12030541878 
0.127058537232 
0.220008841134 
0.101002643168 
0.1092089977 
0.102057978975 
0.152315540675 
0.120206936903 
0.118093775716 
0.143184906793 
0.111948210081 
0.121580435787 
0.264725581483 
0.104287198211 
0.106448608361 
0.367609502022 
0.205637624164 
0.113094430314 
0.116001120814 
0.221555221461 
0.13806114225 
0.115495912739 
0.20499532321 
0.163307275293 
0.105505856592 
0.243084628481 
0.228970836222 
0.146328158708 
0.136512362068 
0.163085200243 
0.315737459613 
0.125856806529 
0.110886086861 
0.285025257041 
0.165975182358 
0.1269052011 
0.140899158378 
0.102700615376 
0.15434009054 
0.112755833279 
0.123574663157 
0.105201296888 
0.119973416503 
0.173435792169 
0.119506048397 
0.327947216161 
0.189887420725 
0.123286329349 
0.183652246764 
0.115592399749 
0.101872420113 
0.100094697941 
0.104470608809 
0.113924131723 
0.144337743806 
0.101115084996 
0.141499606248 
0.165706972486 
0.152376475411 
0.112362485931 
0.109603865705 
0.112756368884 
0.115684902018 
0.101814651894 
0.100437658556 
0.109814803953 
0.101572180667 
0.151917401546 
0.102649420478 
0.201390054688 
0.118645994502 
0.109579429809 
0.123065421801 
0.134018365015 
0.131194543316 
0.118219478019 
0.141838274926 
0.120690403779 
0.108183420483 
0.113200448314 
0.104936193416 
0.158424581131 
0.159532547867 
0.100894649405 
0.118174091079 
0.161593683935 
0.179674149296 
0.101027013593 
0.10297393668 
0.172588574425 
0.127471444465 
0.117376794043 
0.126456838651 
0.102956161449 
0.143189437642 
0.147370612744 
0.115658521272 
0.119281814632 
0.110898550059 
0.147606716713 
0.116759251688 
0.160664457865 
0.109200653367 
0.117705381469 
0.105463264198 
0.114508222368 
0.171432717695 
0.101631452387 
0.101746544536 
0.104312038695 
0.121479538714 
0.146452481056 
0.10947271417 
0.134126938589 
0.120645714975 
0.104562573044 
0.100589727478 
0.137430785486 
0.167279924434 
0.111400840765 
0.102630119946 
0.237910717136 
0.120441803543 
0.12284940883 
0.102849036785 
0.152478816904 
0.140617966539 
0.110492360454 
0.303101496878 
0.241927965158 
0.173728497683 
0.103077331856 
0.106769812006 
0.100096220228 
0.119116226424 
0.124866708713 
0.322264311286 
0.124576340808 
0.100447722504 
0.105611521594 
0.142628803725 
0.320736565192 
0.134498321197 
0.1248643852 
0.103450442544 
0.155022306202 
0.129212123101 
0.106449498484 
0.103393824362 
0.128083706095 
0.186173144852 
0.128980482027 
0.33650147579 
0.105648837231 
0.104291946391 
0.155474480239 
0.117973775857 
0.113264195092 
0.117617227547 
0.335029169397 
0.25314533985 
0.139709644538 
0.181194259988 
0.110100592382 
0.159444664333 
0.137103173818 
0.104281439973 
0.131384474323 
0.152897428008 
0.138980461333 
0.126193912082 
0.110417000716 
0.114966022518 
0.103326231126 
0.116677273616 
0.126837545603 
0.192799664356 
0.138255405657 
0.438111548477 
0.174040981025 
0.149959944078 
0.148250598543 
0.107248538099 
0.21561012849 
0.112386287012 
0.259630678216 
0.186378482043 
0.134812251843 
0.209012427377 
0.10781440561 
0.229984285807 
0.113831230445 
0.186485152929 
0.185966740676 
0.172229919362 
0.1039671284 
0.165135726369 
0.126442340069 
0.138012692188 
0.114930643462 
0.105377005412 
0.148072002112 
0.115230832123 
0.124349426354 
0.114471814158 
0.130731884689 
0.546582954304 
0.23177162516 
0.203534332185 
0.102219673548 
0.111478168423 
0.194406196205 
0.161621814351 
0.137674055814 
0.242157194525 
0.12019215069 
0.116012921456 
0.155325145468 
0.246642350947 
0.111097950998 
0.138789430947 
0.393683171053 
0.110310239777 
0.153497806162 
0.199462435468 
0.105089453737 
0.155284116045 
0.208813556376 
0.104164253133 
0.107430957234 
0.103559091071 
0.113831732988 
0.107420408638 
0.369279337075 
0.191356729303 
0.222705109544 
0.184131652577 
0.12030541878 
0.127058537232 
0.220008841134 
0.101002643168 
0.1092089977 
0.102057978975 
0.152315540675 
0.120206936903 
0.118093775716 
0.143184906793 
0.111948210081 
0.121580435787 
0.264725581483 
0.104287198211 
0.106448608361 
0.367609502022 
0.205637624164 
0.113094430314 
0.116001120814 
0.221555221461 
0.13806114225 
0.115495912739 
0.20499532321 
0.163307275293 
0.105505856592 
0.243084628481 
0.228970836222 
0.146328158708 
0.136512362068 
0.163085200243 
0.315737459613 
0.125856806529 
0.110886086861 
0.285025257041 
0.165975182358 
0.1269052011 
0.140899158378 
0.102700615376 
0.15434009054 
0.112755833279 
0.123574663157 
0.105201296888 
0.119973416503 
0.173435792169 
0.119506048397 
0.327947216161 
0.189887420725 
0.123286329349 
0.183652246764 
0.115592399749 
0.201671207676 
0.176854314308 
0.162862420705 
0.15616602149 
0.192881357325 
0.232742424062 
0.359798318899 
0.153255399249 
0.388074089717 
0.112116213979 
0.103928834474 
0.128754690166 
0.201473433485 
0.149174314466 
0.146513649089 
0.229839905192 
0.102998705127 
0.110778442223 
0.146944679924 
0.10771701385 
0.119063359848 
0.265550983377 
0.210496012943 
0.125400237481 
0.159048228787 
0.237168079606 
0.126432846236 
0.140981852817 
0.345229505066 
0.160344786933 
0.236983882231 
0.104595844609 
0.127402702213 
0.106227424054 
0.193580798433 
0.132681048751 
0.11375601084 
0.109855222206 
0.126062606313 
0.290803298737 
0.118360266561 
0.107992473081 
0.352620012854 
0.105154253662 
0.197666247415 
0.129784301617 
0.130099302646 
0.235907947154 
0.100811951308 
0.16083178712 
0.100759284787 
0.206867677535 
0.140355195407 
0.101998286289 
0.143457130453 
0.107983379752 
0.109692177699 
0.114871050358 
0.113589115739 
0.107907320125 
0.120636861568 
0.258381762503 
0.132038467311 
0.114931055268 
0.208892518534 
0.299700347688 
0.12609320443 
0.109732102624 
0.181185217181 
0.112277150914 
0.224009987553 
0.300741269338 
0.102643374493 
0.169662530466 
0.141268966798 
0.114233244765 
0.164575490047 
0.123317583793 
0.327544931385 
0.171464055219 
0.139381952959 
0.109828436182 
0.194388997947 
0.110692379917 
0.216705281156 
0.138017509082 
0.149645955914 
0.128195621016 
0.163077289166 
0.172019359604 
0.132886165025 
0.110831464804 
0.172803437427 
0.167417318616 
0.122032092523 
0.101676053246 
0.105657338295 
0.102762717062 
0.103696716463 
0.147370026328 
0.108724539788 
0.100017248222 
0.242920181877 
0.101734907075 
0.281399823522 
0.109877877892 
0.12232104805 
0.232983181534 
0.150566064809 
0.223995898321 
0.174112273603 
0.102780105827 
0.104486596533 
0.102441222076 
0.157662419673 
0.192286072409 
0.199951566736 
0.175837104179 
0.120342136534 
0.132875037058 
0.105917820425 
0.320102824944 
0.198405818042 
0.133853348882 
0.111468584936 
0.327694727489 
0.166735092265 
0.100378605363 
0.105739519756 
0.15398216072 
0.104714510239 
0.101748760503 
0.105562837297 
0.247449257823 
0.163801842028 
0.1103293686 
0.166777803523 
0.14075852916 
0.119948431434 
0.116781035685 
0.138659719721 
0.137385473931 
0.11640580866 
0.18979713167 
0.100609751427 
0.11070585808 
0.105751972531 
0.221265068961 
0.120180396267 
0.104572571054 
0.412113318805 
0.164784562826 
0.143729107437 
0.195810927861 
0.232629891541 
0.202585659603 
0.182933780741 
0.130174789081 
0.111222485984 
0.16432838948 
0.196122378971 
0.141803246388 
0.111342075293 
0.177308360092 
0.213681928716 
0.102691641753 
0.14075568352 
0.178516295962 
0.153980434552 
0.17680135667 
0.120059421582 
0.10845899754 
0.290817480053 
0.117955804235 
0.147763471027 
0.12331663509 
0.212737119236 
0.109648783871 
0.128016682725 
0.155759421528 
0.178415803823 
0.178241685021 
0.138093964143 
0.225325410036 
0.13244869324 
0.172686308984 
0.265052326889 
0.10799168234 
0.340215295506 
0.262107944481 
0.135536918979 
0.221577499056 
0.167324724072 
0.168182524605 
0.145680598533 
0.195681231379 
0.142031172757 
0.105284023856 
0.120826542403 
0.109206906256 
0.113152259954 
0.10642421671 
0.105098566817 
0.176991972375 
0.178679812078 
0.149723188318 
0.102640865873 
0.10360761325 
0.13414692857 
0.334389789168 
0.147475794205 
0.127131813559 
0.114656162351 
0.446515423678 
0.148552732413 
0.160879935084 
0.211068988135 
0.119525329905 
0.102595025884 
0.100772290565 
0.105774846389 
0.185728888827 
0.117333364815 
0.119544616027 
0.187312326889 
0.13438463741 
0.189127418268 
0.117124481166 
0.216124796807 
0.185307021589 
0.137380153603 
0.163541591909 
0.189680927814 
0.102720082864 
0.107996290587 
0.195601792737 
0.157621622419 
0.116980128352 
0.13579325768 
0.120998340326 
0.11629163797 
0.202287274371 
0.116000557432 
0.3341044184 
0.114715229151 
0.203845108402 
0.189736322488 
0.104805077755 
0.107075653983 
0.120418460949 
0.137411876646 
0.21396454404 
0.130196837068 
0.16479011718 
0.293389302583 
0.323679189688 
0.134405282717 
0.140078768048 
0.472267267624 
0.309075762295 
0.109988679771 
0.183711307437 
0.1612924774 
0.13636898334 
0.216228317774 
0.201188884354 
0.119058293832 
0.120493797792 
0.178766889549 
0.248784624134 
0.116654140575 
0.169866377845 
0.237570347397 
0.218137820548 
0.198370342603 
0.125199860894 
0.127266715546 
0.112418857671 
0.189840422792 
0.130549450023 
0.101645194229 
0.105760595871 
0.141563782882 
0.345996808381 
0.164890550573 
0.103618294783 
0.145985647066 
0.145430458407 
0.336924421809 
0.205419807937 
0.119772827719 
0.188162157681 
0.1158527162 
0.199894970763 
0.221662422684 
0.180332827492 
0.145307571243 
0.123534328779 
0.130952233755 
0.168498469007 
0.101106893776 
0.119059359303 
0.109586377054 
0.170824412401 
0.202903306367 
0.113855138588 
0.114759833383 
0.392077862713 
0.168974388938 
0.158283470315 
0.129958584001 
0.136573246456 
0.147305538512 
0.224505892687 
0.151443879152 
0.193656550531 
0.110914699312 
0.132994224643 
0.11856431447 
0.220652481114 
0.104039348486 
0.136362737887 
0.138623803789 
0.16065850537 
0.13075709615 
0.153757568506 
0.155402726344 
0.149751108815 
0.198050638721 
0.225142159112 
0.107390773863 
0.225056345862 
0.129026187207 
0.156597569627 
0.122847592745 
0.128824917603 
0.284037181251 
0.103562693773 
0.172831601056 
0.105829359783 
0.224973262991 
0.104859982179 
0.100986497633 
0.12346622414 
0.115324809946 
0.48123352276 
0.100531088701 
0.240774734099 
0.111904959478 
0.315072631876 
0.224293051476 
0.238038954649 
0.117638562436 
0.1298005507 
0.1232824714 
0.192924893277 
0.137209614408 
0.147411424191 
0.100534138329 
0.15185394671 
0.293130661621 
0.117495020993 
0.111679875599 
0.220040721685 
0.136598271437 
0.286216890696 
0.135697365055 
0.139318958927 
0.117941116012 
0.164239203999 
0.302156974646 
0.110132605652 
0.227750178703 
0.120507256931 
0.179905035522 
0.152486047723 
0.10439213945 
0.140730278947 
0.102644768736 
0.103401356222 
0.10797851162 
0.154744774792 
0.297472407274 
0.123987728947 
0.112812123654 
0.113828661675 
0.101872420113 
0.100094697941 
0.104470608809 
0.113924131723 
0.144337743806 
0.101115084996 
0.141499606248 
0.165706972486 
0.152376475411 
0.112362485931 
0.109603865705 
0.112756368884 
0.115684902018 
0.101814651894 
0.100437658556 
0.109814803953 
0.101572180667 
0.151917401546 
0.102649420478 
0.201390054688 
0.118645994502 
0.109579429809 
0.123065421801 
0.134018365015 
0.131194543316 
0.118219478019 
0.141838274926 
0.120690403779 
0.108183420483 
0.113200448314 
0.104936193416 
0.158424581131 
0.159532547867 
0.100894649405 
0.118174091079 
0.161593683935 
0.179674149296 
0.101027013593 
0.10297393668 
0.172588574425 
0.127471444465 
0.117376794043 
0.126456838651 
0.102956161449 
0.143189437642 
0.147370612744 
0.115658521272 
0.119281814632 
0.110898550059 
0.147606716713 
0.116759251688 
0.160664457865 
0.109200653367 
0.117705381469 
0.105463264198 
0.114508222368 
0.171432717695 
0.101631452387 
0.101746544536 
0.104312038695 
0.121479538714 
0.146452481056 
0.10947271417 
0.134126938589 
0.120645714975 
0.104562573044 
0.100589727478 
0.137430785486 
0.167279924434 
0.111400840765 
0.102630119946 
0.237910717136 
0.120441803543 
0.12284940883 
0.102849036785 
0.152478816904 
0.140617966539 
0.110492360454 
0.303101496878 
0.241927965158 
0.173728497683 
0.103077331856 
0.106769812006 
0.100096220228 
0.119116226424 
0.124866708713 
0.322264311286 
0.124576340808 
0.100447722504 
0.105611521594 
0.142628803725 
0.320736565192 
0.134498321197 
0.1248643852 
0.103450442544 
0.155022306202 
0.129212123101 
0.106449498484 
0.103393824362 
0.128083706095 
0.186173144852 
0.128980482027 
0.33650147579 
0.105648837231 
0.104291946391 
0.155474480239 
0.117973775857 
0.113264195092 
0.117617227547 
0.335029169397 
0.25314533985 
0.139709644538 
0.181194259988 
0.110100592382 
0.159444664333 
0.137103173818 
0.104281439973 
0.131384474323 
0.152897428008 
0.138980461333 
0.126193912082 
0.110417000716 
0.114966022518 
0.103326231126 
0.116677273616 
0.126837545603 
0.192799664356 
0.138255405657 
0.438111548477 
0.174040981025 
0.149959944078 
0.148250598543 
0.107248538099 
0.21561012849 
0.112386287012 
0.259630678216 
0.186378482043 
0.134812251843 
0.209012427377 
0.10781440561 
0.229984285807 
0.113831230445 
0.186485152929 
0.185966740676 
0.172229919362 
0.1039671284 
0.165135726369 
0.126442340069 
0.138012692188 
0.114930643462 
0.105377005412 
0.148072002112 
0.115230832123 
0.124349426354 
0.114471814158 
0.130731884689 
0.546582954304 
0.23177162516 
0.203534332185 
0.102219673548 
0.111478168423 
0.194406196205 
0.161621814351 
0.137674055814 
0.242157194525 
0.12019215069 
0.116012921456 
0.155325145468 
0.246642350947 
0.111097950998 
0.138789430947 
0.393683171053 
0.110310239777 
0.153497806162 
0.199462435468 
0.105089453737 
0.155284116045 
0.208813556376 
0.104164253133 
0.107430957234 
0.103559091071 
0.113831732988 
0.107420408638 
0.369279337075 
0.191356729303 
0.222705109544 
0.184131652577 
0.12030541878 
0.127058537232 
0.220008841134 
0.101002643168 
0.1092089977 
0.102057978975 
0.152315540675 
0.120206936903 
0.118093775716 
0.143184906793 
0.111948210081 
0.121580435787 
0.264725581483 
0.104287198211 
0.106448608361 
0.367609502022 
0.205637624164 
0.113094430314 
0.116001120814 
0.221555221461 
0.13806114225 
0.115495912739 
0.20499532321 
0.163307275293 
0.105505856592 
0.243084628481 
0.228970836222 
0.146328158708 
0.136512362068 
0.163085200243 
0.315737459613 
0.125856806529 
0.110886086861 
0.285025257041 
0.165975182358 
0.1269052011 
0.140899158378 
0.102700615376 
0.15434009054 
0.112755833279 
0.123574663157 
0.105201296888 
0.119973416503 
0.173435792169 
0.119506048397 
0.327947216161 
0.189887420725 
0.123286329349 
0.183652246764 
0.115592399749 
