0.156339572231 
0.126596128172 
0.128803692918 
0.10890319056 
0.108762765204 
0.119003561436 
0.148285119127 
0.122416528825 
0.105673716445 
0.122975971823 
0.118160431201 
0.165028071731 
0.151962679272 
0.179980229879 
0.13244640467 
0.103829645384 
0.247683022034 
0.132186452985 
0.190872638498 
0.13224213457 
0.209373439651 
0.103925204555 
0.114641204133 
0.143462382867 
0.272410303271 
0.16994756172 
0.117454082933 
0.104133943696 
0.105265805614 
0.138325481687 
0.101656973369 
0.163843081131 
0.24899381382 
0.101166395931 
0.281556988223 
0.115313596888 
0.137437956881 
0.120644819882 
0.11806876673 
0.211058705431 
0.201158505955 
0.131580066834 
0.198099289738 
0.171850805412 
0.11489392446 
0.107101579115 
0.19283324849 
0.116704484996 
0.156339572231 
0.126596128172 
0.128803692918 
0.10890319056 
0.108762765204 
0.119003561436 
0.148285119127 
0.122416528825 
0.105673716445 
0.122975971823 
0.118160431201 
0.165028071731 
0.151962679272 
0.179980229879 
0.13244640467 
0.103829645384 
0.247683022034 
0.132186452985 
0.190872638498 
0.13224213457 
0.209373439651 
0.103925204555 
0.114641204133 
0.143462382867 
0.272410303271 
0.16994756172 
0.117454082933 
0.104133943696 
0.105265805614 
0.138325481687 
0.101656973369 
0.163843081131 
0.24899381382 
0.101166395931 
0.281556988223 
0.115313596888 
0.137437956881 
0.120644819882 
0.11806876673 
0.211058705431 
0.201158505955 
0.131580066834 
0.198099289738 
0.171850805412 
0.11489392446 
0.107101579115 
0.19283324849 
0.116704484996 
0.123446614117 
0.10756840501 
0.107141138166 
0.103013581834 
0.118400153692 
0.170036510124 
0.156889769346 
0.17726821129 
0.130258922787 
0.106910058405 
0.114864472151 
0.102796997433 
0.249504372224 
0.123297281594 
0.222073802063 
0.116255077212 
0.134462945909 
0.103089003534 
0.143964440878 
0.116543236994 
0.286219743709 
0.185718079541 
0.150923566211 
0.125435971828 
0.138889128449 
0.111300724226 
0.155846805921 
0.11777089983 
0.123855120024 
0.1247932829 
0.163523300815 
0.273394845288 
0.169593397032 
0.103206788128 
0.175532882717 
0.103758647299 
0.130778357696 
0.155353910006 
0.104491507455 
0.102044602224 
0.177865394192 
0.159503323485 
0.109584248989 
0.111395179172 
0.180841435359 
0.122035382815 
0.181473152529 
0.117946715255 
0.13765043528 
0.125127081795 
0.182096003337 
0.103272686193 
0.142880465697 
0.183370868138 
0.154076279374 
0.129205825152 
0.181374633022 
0.105959610622 
0.121455588962 
0.102991294449 
0.114000485937 
0.101434568858 
0.177559610971 
0.159268521865 
0.108176691174 
0.122796813094 
0.172037637214 
0.126197845388 
0.110401608573 
0.110198556486 
0.16657745313 
0.156339572231 
0.126596128172 
0.128803692918 
0.10890319056 
0.108762765204 
0.119003561436 
0.148285119127 
0.122416528825 
0.105673716445 
0.122975971823 
0.118160431201 
0.165028071731 
0.151962679272 
0.179980229879 
0.13244640467 
0.103829645384 
0.247683022034 
0.132186452985 
0.190872638498 
0.13224213457 
0.209373439651 
0.103925204555 
0.114641204133 
0.143462382867 
0.272410303271 
0.16994756172 
0.117454082933 
0.104133943696 
0.105265805614 
0.138325481687 
0.101656973369 
0.163843081131 
0.24899381382 
0.101166395931 
0.281556988223 
0.115313596888 
0.137437956881 
0.120644819882 
0.11806876673 
0.211058705431 
0.201158505955 
0.131580066834 
0.198099289738 
0.171850805412 
0.11489392446 
0.107101579115 
0.19283324849 
0.116704484996 
0.123446614117 
0.10756840501 
0.107141138166 
0.103013581834 
0.118400153692 
0.170036510124 
0.156339572231 
0.126596128172 
0.128803692918 
0.10890319056 
0.108762765204 
0.119003561436 
0.148285119127 
0.122416528825 
0.105673716445 
0.122975971823 
0.118160431201 
0.165028071731 
0.151962679272 
0.179980229879 
0.13244640467 
0.103829645384 
0.247683022034 
0.132186452985 
0.190872638498 
0.13224213457 
0.209373439651 
0.103925204555 
0.114641204133 
0.143462382867 
0.272410303271 
0.16994756172 
0.117454082933 
0.104133943696 
0.105265805614 
0.138325481687 
0.101656973369 
0.163843081131 
0.24899381382 
0.101166395931 
0.281556988223 
0.115313596888 
0.137437956881 
0.120644819882 
0.11806876673 
0.211058705431 
0.201158505955 
0.131580066834 
0.198099289738 
0.171850805412 
0.11489392446 
0.107101579115 
0.19283324849 
0.116704484996 
0.123446614117 
0.10756840501 
0.107141138166 
0.156339572231 
0.126596128172 
0.128803692918 
0.10890319056 
0.108762765204 
0.119003561436 
0.148285119127 
0.122416528825 
0.105673716445 
0.122975971823 
0.118160431201 
0.165028071731 
0.151962679272 
0.179980229879 
0.13244640467 
0.103829645384 
0.247683022034 
0.132186452985 
0.190872638498 
0.13224213457 
0.209373439651 
0.103925204555 
0.114641204133 
0.143462382867 
0.272410303271 
0.16994756172 
0.117454082933 
0.104133943696 
0.105265805614 
0.138325481687 
0.101656973369 
0.163843081131 
0.24899381382 
0.101166395931 
0.281556988223 
0.115313596888 
0.137437956881 
0.120644819882 
0.11806876673 
0.211058705431 
0.201158505955 
0.131580066834 
0.198099289738 
0.171850805412 
0.11489392446 
0.107101579115 
0.19283324849 
0.116704484996 
0.123446614117 
0.10756840501 
0.107141138166 
0.103013581834 
0.118400153692 
0.170036510124 
0.156889769346 
0.17726821129 
0.130258922787 
0.106910058405 
0.114864472151 
0.102796997433 
0.249504372224 
0.123297281594 
0.222073802063 
0.116255077212 
0.134462945909 
0.103089003534 
0.143964440878 
0.116543236994 
0.286219743709 
0.185718079541 
0.150923566211 
0.125435971828 
0.138889128449 
0.111300724226 
0.155846805921 
0.11777089983 
0.123855120024 
0.1247932829 
0.163523300815 
0.273394845288 
0.169593397032 
0.103206788128 
0.175532882717 
0.103758647299 
0.130778357696 
0.155353910006 
0.104491507455 
0.102044602224 
0.177865394192 
0.159503323485 
0.109584248989 
0.111395179172 
0.180841435359 
0.122035382815 
0.181473152529 
0.117946715255 
0.13765043528 
0.125127081795 
0.182096003337 
0.103272686193 
0.142880465697 
0.183370868138 
0.154076279374 
0.129205825152 
0.181374633022 
0.105959610622 
0.121455588962 
0.102991294449 
0.114000485937 
0.101434568858 
0.177559610971 
0.159268521865 
0.108176691174 
0.122796813094 
0.172037637214 
0.126197845388 
0.110401608573 
0.110198556486 
0.16657745313 
0.155486148189 
0.122606830746 
0.101262184578 
0.110368196403 
0.161464588512 
0.108158584552 
0.114673031077 
0.133615226724 
0.15060791833 
0.154974075173 
0.121865907015 
0.12673164428 
0.14523474861 
0.125307990383 
0.110979564587 
0.130850672551 
0.116291724909 
0.138004059608 
0.211113403959 
0.129354301797 
0.149340408804 
0.105981343309 
0.111934353909 
0.11871207684 
0.129861654072 
0.118352566289 
0.108615075988 
0.124531950872 
0.104797201848 
0.156339572231 
0.126596128172 
0.128803692918 
0.10890319056 
0.108762765204 
0.119003561436 
0.148285119127 
0.122416528825 
0.105673716445 
0.122975971823 
0.118160431201 
0.165028071731 
0.151962679272 
0.179980229879 
0.13244640467 
0.103829645384 
0.247683022034 
0.132186452985 
0.190872638498 
0.13224213457 
0.209373439651 
0.103925204555 
0.114641204133 
0.143462382867 
0.272410303271 
0.16994756172 
0.117454082933 
0.104133943696 
0.105265805614 
0.138325481687 
0.101656973369 
0.163843081131 
0.24899381382 
0.101166395931 
0.281556988223 
0.115313596888 
0.137437956881 
0.120644819882 
0.11806876673 
0.211058705431 
0.201158505955 
0.131580066834 
0.198099289738 
0.171850805412 
0.11489392446 
0.107101579115 
0.19283324849 
0.116704484996 
0.123446614117 
0.10756840501 
0.107141138166 
0.103013581834 
0.118400153692 
0.170036510124 
0.156889769346 
0.17726821129 
0.130258922787 
0.106910058405 
0.114864472151 
0.102796997433 
0.249504372224 
0.123297281594 
0.222073802063 
0.116255077212 
0.134462945909 
0.103089003534 
0.143964440878 
0.116543236994 
0.286219743709 
0.185718079541 
0.150923566211 
0.125435971828 
0.138889128449 
0.111300724226 
0.155846805921 
0.11777089983 
0.123855120024 
0.1247932829 
0.163523300815 
0.273394845288 
0.169593397032 
0.103206788128 
0.175532882717 
0.103758647299 
0.130778357696 
0.155353910006 
0.104491507455 
0.102044602224 
0.177865394192 
0.159503323485 
0.109584248989 
0.111395179172 
0.180841435359 
0.122035382815 
0.181473152529 
0.117946715255 
0.13765043528 
0.125127081795 
0.182096003337 
0.103272686193 
0.142880465697 
0.183370868138 
0.154076279374 
0.129205825152 
0.181374633022 
0.105959610622 
0.121455588962 
0.102991294449 
0.114000485937 
0.101434568858 
0.177559610971 
0.159268521865 
0.108176691174 
0.122796813094 
0.172037637214 
0.126197845388 
0.110401608573 
0.110198556486 
0.16657745313 
0.156339572231 
0.126596128172 
0.128803692918 
0.10890319056 
0.108762765204 
0.119003561436 
0.148285119127 
0.122416528825 
0.105673716445 
0.122975971823 
0.118160431201 
0.165028071731 
0.151962679272 
0.179980229879 
0.13244640467 
0.103829645384 
0.247683022034 
0.132186452985 
0.190872638498 
0.13224213457 
0.209373439651 
0.103925204555 
0.114641204133 
0.143462382867 
0.272410303271 
0.16994756172 
0.117454082933 
0.104133943696 
0.105265805614 
0.138325481687 
0.101656973369 
0.163843081131 
0.24899381382 
0.101166395931 
0.281556988223 
0.115313596888 
0.137437956881 
0.120644819882 
0.11806876673 
0.211058705431 
0.201158505955 
0.131580066834 
0.198099289738 
0.171850805412 
0.11489392446 
0.107101579115 
0.19283324849 
0.116704484996 
0.123446614117 
0.10756840501 
0.107141138166 
0.156339572231 
0.126596128172 
0.128803692918 
0.10890319056 
0.108762765204 
0.119003561436 
0.148285119127 
0.122416528825 
0.105673716445 
0.122975971823 
0.118160431201 
0.165028071731 
0.151962679272 
0.179980229879 
0.13244640467 
0.103829645384 
0.247683022034 
0.132186452985 
0.190872638498 
0.13224213457 
0.209373439651 
0.103925204555 
0.114641204133 
0.143462382867 
0.272410303271 
0.16994756172 
0.117454082933 
0.104133943696 
0.105265805614 
0.138325481687 
0.101656973369 
0.163843081131 
0.24899381382 
0.101166395931 
0.281556988223 
0.115313596888 
0.137437956881 
0.120644819882 
0.11806876673 
0.211058705431 
0.201158505955 
0.131580066834 
0.198099289738 
0.171850805412 
0.11489392446 
0.107101579115 
0.19283324849 
0.116704484996 
0.123446614117 
0.10756840501 
0.107141138166 
0.156339572231 
0.126596128172 
0.128803692918 
0.10890319056 
0.108762765204 
0.119003561436 
0.148285119127 
0.122416528825 
0.105673716445 
0.122975971823 
0.118160431201 
0.165028071731 
0.151962679272 
0.179980229879 
0.13244640467 
0.103829645384 
0.247683022034 
0.132186452985 
0.190872638498 
0.13224213457 
0.209373439651 
0.103925204555 
0.114641204133 
0.143462382867 
0.272410303271 
0.16994756172 
0.117454082933 
0.104133943696 
0.105265805614 
0.138325481687 
0.101656973369 
0.163843081131 
0.24899381382 
0.101166395931 
0.281556988223 
0.115313596888 
0.137437956881 
0.120644819882 
0.11806876673 
0.211058705431 
0.201158505955 
0.131580066834 
0.198099289738 
0.171850805412 
0.11489392446 
0.107101579115 
0.19283324849 
0.116704484996 
0.123446614117 
0.10756840501 
0.107141138166 
0.156339572231 
0.126596128172 
0.128803692918 
0.10890319056 
0.108762765204 
0.119003561436 
0.148285119127 
0.122416528825 
0.105673716445 
0.122975971823 
0.118160431201 
0.165028071731 
0.151962679272 
0.179980229879 
0.13244640467 
0.103829645384 
0.247683022034 
0.132186452985 
0.190872638498 
0.13224213457 
0.209373439651 
0.103925204555 
0.114641204133 
0.143462382867 
0.272410303271 
0.16994756172 
0.117454082933 
0.104133943696 
0.105265805614 
0.138325481687 
0.101656973369 
0.163843081131 
0.24899381382 
0.101166395931 
0.281556988223 
0.115313596888 
0.137437956881 
0.120644819882 
0.11806876673 
0.211058705431 
0.201158505955 
0.131580066834 
0.198099289738 
0.171850805412 
0.11489392446 
0.107101579115 
0.19283324849 
0.116704484996 
0.123446614117 
0.10756840501 
0.107141138166 
