0.102487793833 
0.110909322867 
0.116032108734 
0.105759631756 
0.105000326851 
0.123359650721 
0.103544424984 
0.101025214285 
0.10663635798 
0.10991551995 
0.107809395773 
0.127975493292 
0.194440375222 
0.101978606017 
0.226768425603 
0.215457793387 
0.19153537962 
0.128279692568 
0.105769829767 
0.132659696928 
0.374558979837 
0.133999618917 
0.106670134924 
0.209646896526 
0.137546797306 
0.121193301815 
0.126355760111 
0.239928418974 
0.141098869473 
0.130807397205 
0.11572974556 
0.118834862574 
0.100562479233 
0.165206897849 
0.432697575043 
0.230937498241 
0.149565059881 
0.173998768942 
0.118911874711 
0.176015905506 
0.10323869459 
0.115618875765 
0.133266053179 
0.140765217176 
0.243260398938 
0.112000772496 
0.416148679825 
0.163714618984 
0.216004642795 
0.141028202322 
0.124000687561 
0.157421395874 
0.134501244986 
0.101446144564 
0.418372647805 
0.282927554138 
0.156579419435 
0.117427800257 
0.202822953582 
0.113011129765 
0.136987659393 
0.199990727423 
0.112526377463 
0.150915468759 
0.214608978475 
0.168934201485 
0.123551498301 
0.118969307045 
0.144650578991 
0.125760169504 
0.101897726191 
0.136509150637 
0.277556319657 
0.118123920112 
0.134269225062 
0.49036359463 
0.206068432398 
0.105982625802 
0.207840142049 
0.190466249839 
0.134410936279 
0.212799499952 
0.124824589912 
0.100888605951 
0.140735612965 
0.372840376618 
0.262721443506 
0.16387834103 
0.121165977314 
0.220707555723 
0.133097816522 
0.113361955311 
0.105741092418 
0.113107790949 
0.140252810326 
0.293967479145 
0.139275674464 
0.337091830676 
0.103501819314 
0.164260032209 
0.228645398174 
0.110812819286 
0.113250823818 
0.138172237954 
0.101550432259 
0.123025072348 
0.201193369349 
0.113814735285 
0.109408597394 
0.508137370105 
0.261104037662 
0.128366916026 
0.253509185277 
0.139989000217 
0.163290476717 
0.112784937015 
0.228300440604 
0.153998830254 
0.127590341249 
0.125901851463 
0.162591858805 
0.169971417856 
0.109341615824 
0.228141471175 
0.134833606786 
0.108576594965 
0.15280314553 
0.341811286874 
0.146851549839 
0.116065426213 
0.401449167262 
0.115902551867 
0.167188882017 
0.143152859099 
0.10330006293 
0.167771541361 
0.103670562078 
0.106671012236 
0.139374302062 
0.227040017598 
0.149701665306 
0.108773579418 
0.111698233616 
0.184140010177 
0.139378091005 
0.136081602271 
0.120685473122 
0.495511997723 
0.279105036702 
0.211431442088 
0.116351039594 
0.118651763808 
0.11742883187 
0.228325572423 
0.138460730651 
0.149387298019 
0.113975096517 
0.279608962985 
0.120127601055 
0.131311639737 
0.132005865617 
0.223915601591 
0.1230067707 
0.1026371293 
0.124214684294 
0.112172973409 
0.183314726432 
0.311611439687 
0.146252618944 
0.129589510287 
0.513918128057 
0.11257769052 
0.190041054783 
0.121178674577 
0.132504265547 
0.225012577432 
0.119694626726 
0.132662951764 
0.126237620349 
0.211917295336 
0.118649690241 
0.111400805159 
0.113966278406 
0.214178726018 
0.223082307942 
0.212945020991 
0.204785991593 
0.142718221897 
0.200747199747 
0.114112525896 
0.15207824555 
0.365955113987 
0.176418895629 
0.317107943465 
0.103756556664 
0.104139201269 
0.192536523031 
0.203428215095 
0.105552382613 
0.134037406732 
0.113317944128 
0.105265584143 
0.153768890011 
0.177884698723 
0.107281371139 
0.150714607039 
0.266081795806 
0.108430440418 
0.152822448508 
0.5129105703 
0.254745909364 
0.16721224131 
0.274159343117 
0.105739656317 
0.146873300142 
0.193395765204 
0.174889630208 
0.115069271391 
0.129001898885 
0.192614518621 
0.122642640263 
0.136471831803 
0.164020598422 
0.188065100753 
0.112871383354 
0.10092434122 
0.185859241666 
0.442448883547 
0.19641449543 
0.14599140025 
0.453712885268 
0.107404022094 
0.130574818416 
0.317306926883 
0.103672934194 
0.174991907353 
0.10942872883 
0.127421830713 
0.129575321677 
0.103595926649 
0.282722842088 
0.225211481717 
0.1025982445 
0.198360103473 
0.232933683864 
0.166105293227 
0.156762261781 
0.183364802836 
0.121935093041 
0.353322349658 
0.162702130218 
0.212356479728 
0.109696035681 
0.132104231483 
0.134012628091 
0.248224257734 
0.15372402355 
0.160607100148 
0.113844479237 
0.156409075847 
0.112546854995 
0.116214309244 
0.150375179486 
0.329103743535 
0.121908179089 
0.132001312641 
0.111697033921 
0.100346218613 
0.103294595694 
0.456335772404 
0.10757166143 
0.253399378795 
0.187873923823 
0.142486461945 
0.339626049353 
0.129925617576 
0.227135541948 
0.147149434582 
0.138421427795 
0.110958191922 
0.116831849232 
0.186362559171 
0.252484022267 
0.23209427625 
0.12686241457 
0.208343671477 
0.134440472759 
0.115557065946 
0.116505624061 
0.144933322183 
0.347199964759 
0.150200476918 
0.404060871106 
0.154918284377 
0.228962859303 
0.162675255163 
0.153464465205 
0.123764781608 
0.141857504545 
0.174810708798 
0.131044998232 
0.131396997182 
0.231957888737 
0.140020570663 
0.132250437816 
0.105828581258 
0.104078529316 
0.114754704541 
0.10309233236 
0.361958717853 
0.138163458126 
0.275808286958 
0.159351306189 
0.219266985806 
0.255399113657 
0.129599564956 
0.301375322137 
0.183632431699 
0.131023870204 
0.222316425955 
0.107525012088 
0.158379907183 
0.146049846623 
0.216937068304 
0.133323141285 
0.122858347913 
0.11342291607 
0.147272031462 
0.217462960871 
0.155663877709 
0.103957856828 
0.100525103972 
0.109606595836 
0.154551315026 
0.134134273787 
0.140630408226 
0.120447054891 
0.151137299955 
0.332448703507 
0.149488773183 
0.105308215661 
0.11434118621 
0.331857577366 
0.105921201111 
0.230682618164 
0.151401022383 
0.219904536017 
0.110716381628 
0.178580322757 
0.174233537252 
0.124851950369 
0.264124921017 
0.102383871592 
0.147263973926 
0.115733531363 
0.105161468871 
0.130601209114 
0.148007357704 
0.106004499125 
0.16559253784 
0.158963822344 
0.384038198994 
0.198570985614 
0.141805529447 
0.17682548012 
0.174597596041 
0.11642275038 
0.202180686335 
0.234814591784 
0.143861765672 
0.127424840153 
0.147006593724 
0.152995870949 
0.11711456071 
0.174789314223 
0.303727795172 
0.263638762264 
0.121469209564 
0.16722895754 
