0.128943517592 
0.119690217313 
0.105361322436 
0.142563084543 
0.102021585941 
0.121792298269 
0.103237208893 
0.128576798801 
0.103777963745 
0.110205448597 
0.157709427796 
0.12109688014 
0.197759851892 
0.133270914862 
0.116160095925 
0.118636133423 
0.201822472241 
0.239965550876 
0.128943517592 
0.119690217313 
0.105361322436 
0.142563084543 
0.102021585941 
0.121792298269 
0.103237208893 
0.128576798801 
0.103777963745 
0.110205448597 
0.157709427796 
0.12109688014 
0.197759851892 
0.133270914862 
0.116160095925 
0.118636133423 
0.201822472241 
0.239965550876 
0.116098760098 
0.11177070471 
0.100684486803 
0.103813268942 
0.101412011077 
0.1147980482 
0.110727302502 
0.101032851594 
0.108970693677 
0.116942873896 
0.100450185683 
0.122460464952 
0.114074042909 
0.129515671147 
0.136833732398 
0.106075911122 
0.144040755149 
0.143922642724 
0.1105393106 
0.150614108764 
0.10020579329 
0.130630762441 
0.159091197059 
0.180957137974 
0.163784698855 
0.148266614912 
0.169769499921 
0.101141266679 
0.174156354724 
0.109062752015 
0.225812086114 
0.103639595718 
0.179443932825 
0.112873710046 
0.125604939914 
0.184194854182 
0.135452944656 
0.218446499801 
0.188484679608 
0.120799631927 
0.276747146414 
0.188259776097 
0.190364961434 
0.128943517592 
0.119690217313 
0.105361322436 
0.142563084543 
0.102021585941 
0.121792298269 
0.103237208893 
0.128576798801 
0.103777963745 
0.110205448597 
0.157709427796 
0.12109688014 
0.197759851892 
0.133270914862 
0.116160095925 
0.118636133423 
0.201822472241 
0.239965550876 
0.116098760098 
0.11177070471 
0.100684486803 
0.103813268942 
0.128943517592 
0.119690217313 
0.105361322436 
0.142563084543 
0.102021585941 
0.121792298269 
0.103237208893 
0.128576798801 
0.103777963745 
0.110205448597 
0.157709427796 
0.12109688014 
0.197759851892 
0.133270914862 
0.116160095925 
0.118636133423 
0.201822472241 
0.239965550876 
0.116098760098 
0.11177070471 
0.100684486803 
0.103813268942 
0.128943517592 
0.119690217313 
0.105361322436 
0.142563084543 
0.102021585941 
0.121792298269 
0.103237208893 
0.128576798801 
0.103777963745 
0.110205448597 
0.157709427796 
0.12109688014 
0.197759851892 
0.133270914862 
0.116160095925 
0.118636133423 
0.201822472241 
0.239965550876 
0.116098760098 
0.11177070471 
