0.124596263812 
0.114758368722 
0.103381440325 
0.152642903307 
0.128558616881 
0.123970138856 
0.102563500557 
0.117108041328 
0.175683095014 
0.166500513142 
0.193673470997 
0.134282522944 
0.126232454743 
0.24117279759 
0.199624457978 
0.117201683572 
0.1162004302 
0.100666374124 
0.12093821323 
0.283623614738 
0.144079911737 
0.146279876595 
0.176372322241 
0.119536861823 
0.124596263812 
0.114758368722 
0.103381440325 
0.152642903307 
0.128558616881 
0.123970138856 
0.102563500557 
0.117108041328 
0.175683095014 
0.166500513142 
0.193673470997 
0.134282522944 
0.126232454743 
0.24117279759 
0.199624457978 
0.117201683572 
0.1162004302 
0.100666374124 
0.12093821323 
0.283623614738 
0.144079911737 
0.124596263812 
0.114758368722 
0.103381440325 
0.152642903307 
0.128558616881 
0.123970138856 
0.102563500557 
0.117108041328 
0.175683095014 
0.166500513142 
0.193673470997 
0.134282522944 
0.126232454743 
0.24117279759 
0.199624457978 
0.117201683572 
0.1162004302 
0.100666374124 
0.12093821323 
0.283623614738 
0.144079911737 
0.146279876595 
0.176372322241 
0.119536861823 
0.124596263812 
0.114758368722 
0.103381440325 
0.152642903307 
0.128558616881 
0.123970138856 
0.102563500557 
0.117108041328 
0.175683095014 
0.166500513142 
0.193673470997 
0.134282522944 
0.126232454743 
0.24117279759 
0.199624457978 
0.117201683572 
0.1162004302 
0.100666374124 
0.12093821323 
0.283623614738 
0.144079911737 
0.146279876595 
0.176372322241 
0.119536861823 
0.116238719241 
0.104265586719 
0.127326520639 
0.18065690346 
0.189061819863 
0.178620375395 
0.137395848367 
0.120048633982 
0.262631728906 
0.171267256411 
0.120981206589 
0.109277929011 
0.123127990092 
0.131007449029 
0.109713893639 
0.124596263812 
0.114758368722 
0.103381440325 
0.152642903307 
0.128558616881 
0.123970138856 
0.102563500557 
0.117108041328 
0.175683095014 
0.166500513142 
0.193673470997 
0.134282522944 
0.126232454743 
0.24117279759 
0.199624457978 
0.117201683572 
0.1162004302 
0.100666374124 
0.12093821323 
0.283623614738 
0.144079911737 
0.146279876595 
0.176372322241 
0.119536861823 
0.116238719241 
0.104265586719 
