0.156339572231 
0.126596128172 
0.128803692918 
0.10890319056 
0.108762765204 
0.119003561436 
0.148285119127 
0.122416528825 
0.105673716445 
0.122975971823 
0.118160431201 
0.165028071731 
0.151962679272 
0.179980229879 
0.13244640467 
0.103829645384 
0.247683022034 
0.132186452985 
0.190872638498 
0.13224213457 
0.209373439651 
0.103925204555 
0.114641204133 
0.143462382867 
0.272410303271 
0.16994756172 
0.117454082933 
0.104133943696 
0.105265805614 
0.138325481687 
0.101656973369 
0.163843081131 
0.24899381382 
0.101166395931 
0.281556988223 
0.115313596888 
0.137437956881 
0.120644819882 
0.11806876673 
0.211058705431 
0.201158505955 
0.131580066834 
0.198099289738 
0.171850805412 
0.11489392446 
0.107101579115 
0.19283324849 
0.116704484996 
0.156339572231 
0.126596128172 
0.128803692918 
0.10890319056 
0.108762765204 
0.119003561436 
0.148285119127 
0.122416528825 
0.105673716445 
0.122975971823 
0.118160431201 
0.165028071731 
0.151962679272 
0.179980229879 
0.13244640467 
0.103829645384 
0.247683022034 
0.132186452985 
0.190872638498 
0.13224213457 
0.209373439651 
0.103925204555 
0.114641204133 
0.143462382867 
0.272410303271 
0.16994756172 
0.117454082933 
0.104133943696 
0.105265805614 
0.138325481687 
0.101656973369 
0.163843081131 
0.24899381382 
0.101166395931 
0.281556988223 
0.115313596888 
0.137437956881 
0.120644819882 
0.11806876673 
0.211058705431 
0.201158505955 
0.131580066834 
0.198099289738 
0.171850805412 
0.11489392446 
0.107101579115 
0.19283324849 
0.116704484996 
0.126186441637 
0.10775905596 
0.156339572231 
0.126596128172 
0.128803692918 
0.10890319056 
0.108762765204 
0.119003561436 
0.148285119127 
0.122416528825 
0.105673716445 
0.122975971823 
0.118160431201 
0.165028071731 
0.151962679272 
0.179980229879 
0.13244640467 
0.103829645384 
0.247683022034 
0.132186452985 
0.190872638498 
0.13224213457 
0.209373439651 
0.103925204555 
0.114641204133 
0.143462382867 
0.272410303271 
0.16994756172 
0.117454082933 
0.104133943696 
0.105265805614 
0.138325481687 
0.101656973369 
0.163843081131 
0.24899381382 
0.101166395931 
0.281556988223 
0.115313596888 
0.137437956881 
0.120644819882 
0.11806876673 
0.211058705431 
0.201158505955 
0.131580066834 
0.198099289738 
0.171850805412 
0.11489392446 
0.107101579115 
0.19283324849 
0.116704484996 
0.126186441637 
0.10775905596 
0.156339572231 
0.126596128172 
0.128803692918 
0.10890319056 
0.108762765204 
0.119003561436 
0.148285119127 
0.122416528825 
0.105673716445 
0.122975971823 
0.118160431201 
0.165028071731 
0.151962679272 
0.179980229879 
0.13244640467 
0.103829645384 
0.247683022034 
0.132186452985 
0.190872638498 
0.13224213457 
0.209373439651 
0.103925204555 
0.114641204133 
0.143462382867 
0.272410303271 
0.16994756172 
0.117454082933 
0.104133943696 
0.105265805614 
0.138325481687 
0.101656973369 
0.163843081131 
0.24899381382 
0.101166395931 
0.281556988223 
0.115313596888 
0.137437956881 
0.120644819882 
0.11806876673 
0.211058705431 
0.201158505955 
0.131580066834 
0.198099289738 
0.171850805412 
0.11489392446 
0.107101579115 
0.19283324849 
0.116704484996 
0.126186441637 
0.10775905596 
