0.102487793833 
0.110909322867 
0.116032108734 
0.105759631756 
0.105000326851 
0.123359650721 
0.103544424984 
0.101025214285 
0.10663635798 
0.10991551995 
0.107809395773 
0.127975493292 
0.194440375222 
0.101978606017 
0.226768425603 
0.215457793387 
0.19153537962 
0.128279692568 
0.105769829767 
0.132659696928 
0.374558979837 
0.133999618917 
0.106670134924 
0.209646896526 
0.137546797306 
0.121193301815 
0.126355760111 
0.239928418974 
0.141098869473 
0.130807397205 
0.11572974556 
0.118834862574 
0.100562479233 
0.165206897849 
0.432697575043 
0.230937498241 
0.149565059881 
0.173998768942 
0.118911874711 
0.176015905506 
0.10323869459 
0.115618875765 
0.133266053179 
0.140765217176 
0.243260398938 
0.112000772496 
0.416148679825 
0.163714618984 
0.216004642795 
0.141028202322 
0.124000687561 
0.157421395874 
0.134501244986 
0.101446144564 
0.418372647805 
0.282927554138 
0.156579419435 
0.117427800257 
0.202822953582 
0.113011129765 
0.136987659393 
0.199990727423 
0.112526377463 
0.150915468759 
0.214608978475 
0.168934201485 
0.123551498301 
0.118969307045 
0.144650578991 
0.125760169504 
0.101897726191 
0.136509150637 
0.277556319657 
0.118123920112 
0.134269225062 
0.49036359463 
0.206068432398 
0.105982625802 
0.207840142049 
0.190466249839 
0.134410936279 
0.212799499952 
0.124824589912 
0.100888605951 
0.140735612965 
0.372840376618 
0.262721443506 
0.16387834103 
0.121165977314 
0.220707555723 
0.133097816522 
0.113361955311 
0.105741092418 
0.113107790949 
0.140252810326 
0.293967479145 
0.139275674464 
0.337091830676 
0.103501819314 
0.164260032209 
0.228645398174 
0.110812819286 
0.113250823818 
0.138172237954 
0.101550432259 
0.123025072348 
0.201193369349 
0.113814735285 
0.109408597394 
0.508137370105 
0.261104037662 
0.128366916026 
0.253509185277 
0.139989000217 
0.163290476717 
0.112784937015 
0.228300440604 
0.153998830254 
0.127590341249 
0.125901851463 
0.162591858805 
0.169971417856 
0.109341615824 
0.228141471175 
0.134833606786 
0.108576594965 
0.15280314553 
0.341811286874 
0.146851549839 
0.116065426213 
0.401449167262 
0.115902551867 
0.167188882017 
0.143152859099 
0.10330006293 
0.167771541361 
0.103670562078 
0.106671012236 
0.139374302062 
0.227040017598 
0.149701665306 
0.108773579418 
0.111698233616 
0.184140010177 
0.139378091005 
0.136081602271 
0.120685473122 
0.495511997723 
0.279105036702 
0.211431442088 
0.116351039594 
0.118651763808 
0.11742883187 
0.228325572423 
0.138460730651 
0.149387298019 
0.113975096517 
0.279608962985 
0.120127601055 
0.131311639737 
0.132005865617 
0.223915601591 
0.1230067707 
0.1026371293 
0.124214684294 
0.112172973409 
0.183314726432 
0.311611439687 
0.146252618944 
0.129589510287 
0.513918128057 
0.11257769052 
0.190041054783 
0.121178674577 
0.132504265547 
0.225012577432 
0.119694626726 
0.132662951764 
0.126237620349 
0.211917295336 
0.118649690241 
0.111400805159 
0.113966278406 
0.214178726018 
0.223082307942 
0.212945020991 
0.204785991593 
0.142718221897 
0.200747199747 
0.114112525896 
0.15207824555 
0.365955113987 
0.176418895629 
0.317107943465 
0.103756556664 
0.104139201269 
0.192536523031 
0.203428215095 
0.105552382613 
0.134037406732 
0.113317944128 
0.105265584143 
0.153768890011 
0.177884698723 
0.107281371139 
0.150714607039 
0.266081795806 
0.108430440418 
0.152822448508 
0.5129105703 
0.254745909364 
0.16721224131 
0.274159343117 
0.105739656317 
0.146873300142 
0.193395765204 
0.174889630208 
0.115069271391 
0.129001898885 
0.192614518621 
0.122642640263 
0.136471831803 
0.164020598422 
0.188065100753 
0.112871383354 
0.10092434122 
0.185859241666 
0.442448883547 
0.19641449543 
0.14599140025 
0.453712885268 
0.107404022094 
0.130574818416 
0.317306926883 
0.103672934194 
0.174991907353 
0.10942872883 
0.127421830713 
0.129575321677 
0.103595926649 
0.282722842088 
0.225211481717 
0.1025982445 
0.198360103473 
0.232933683864 
0.166105293227 
0.156762261781 
0.183364802836 
0.121935093041 
0.353322349658 
0.162702130218 
0.212356479728 
0.109696035681 
0.132104231483 
0.134012628091 
0.248224257734 
0.15372402355 
0.160607100148 
0.113844479237 
0.156409075847 
0.112546854995 
0.116214309244 
0.150375179486 
0.329103743535 
0.121908179089 
0.132001312641 
0.111697033921 
0.100346218613 
0.103294595694 
0.456335772404 
0.10757166143 
0.253399378795 
0.187873923823 
0.142486461945 
0.339626049353 
0.129925617576 
0.227135541948 
0.147149434582 
0.138421427795 
0.110958191922 
0.116831849232 
0.186362559171 
0.252484022267 
0.23209427625 
0.12686241457 
0.208343671477 
0.134440472759 
0.115557065946 
0.116505624061 
0.144933322183 
0.347199964759 
0.150200476918 
0.404060871106 
0.154918284377 
0.228962859303 
0.162675255163 
0.153464465205 
0.123764781608 
0.141857504545 
0.174810708798 
0.131044998232 
0.131396997182 
0.231957888737 
0.140020570663 
0.132250437816 
0.105828581258 
0.104078529316 
0.114754704541 
0.10309233236 
0.361958717853 
0.138163458126 
0.275808286958 
0.159351306189 
0.219266985806 
0.255399113657 
0.129599564956 
0.301375322137 
0.183632431699 
0.131023870204 
0.222316425955 
0.107525012088 
0.158379907183 
0.146049846623 
0.216937068304 
0.133323141285 
0.122858347913 
0.11342291607 
0.147272031462 
0.217462960871 
0.155663877709 
0.103957856828 
0.100525103972 
0.109606595836 
0.154551315026 
0.134134273787 
0.140630408226 
0.120447054891 
0.151137299955 
0.332448703507 
0.149488773183 
0.105308215661 
0.11434118621 
0.331857577366 
0.105921201111 
0.230682618164 
0.151401022383 
0.219904536017 
0.110716381628 
0.178580322757 
0.174233537252 
0.124851950369 
0.264124921017 
0.102383871592 
0.147263973926 
0.115733531363 
0.105161468871 
0.130601209114 
0.148007357704 
0.106004499125 
0.16559253784 
0.158963822344 
0.384038198994 
0.198570985614 
0.141805529447 
0.17682548012 
0.174597596041 
0.11642275038 
0.202180686335 
0.234814591784 
0.143861765672 
0.127424840153 
0.147006593724 
0.152995870949 
0.11711456071 
0.174789314223 
0.303727795172 
0.263638762264 
0.121469209564 
0.16722895754 
0.102487793833 
0.110909322867 
0.116032108734 
0.105759631756 
0.105000326851 
0.123359650721 
0.103544424984 
0.101025214285 
0.10663635798 
0.10991551995 
0.107809395773 
0.127975493292 
0.194440375222 
0.101978606017 
0.226768425603 
0.215457793387 
0.19153537962 
0.128279692568 
0.105769829767 
0.132659696928 
0.374558979837 
0.133999618917 
0.106670134924 
0.209646896526 
0.137546797306 
0.121193301815 
0.126355760111 
0.239928418974 
0.141098869473 
0.130807397205 
0.11572974556 
0.118834862574 
0.100562479233 
0.165206897849 
0.432697575043 
0.230937498241 
0.149565059881 
0.173998768942 
0.118911874711 
0.176015905506 
0.10323869459 
0.115618875765 
0.133266053179 
0.140765217176 
0.243260398938 
0.112000772496 
0.416148679825 
0.163714618984 
0.216004642795 
0.141028202322 
0.124000687561 
0.157421395874 
0.134501244986 
0.101446144564 
0.418372647805 
0.282927554138 
0.156579419435 
0.117427800257 
0.202822953582 
0.113011129765 
0.136987659393 
0.199990727423 
0.112526377463 
0.150915468759 
0.214608978475 
0.168934201485 
0.123551498301 
0.118969307045 
0.144650578991 
0.125760169504 
0.101897726191 
0.136509150637 
0.277556319657 
0.118123920112 
0.134269225062 
0.49036359463 
0.206068432398 
0.105982625802 
0.207840142049 
0.190466249839 
0.134410936279 
0.212799499952 
0.124824589912 
0.100888605951 
0.140735612965 
0.372840376618 
0.262721443506 
0.16387834103 
0.121165977314 
0.220707555723 
0.133097816522 
0.113361955311 
0.105741092418 
0.113107790949 
0.140252810326 
0.293967479145 
0.139275674464 
0.337091830676 
0.103501819314 
0.164260032209 
0.228645398174 
0.110812819286 
0.113250823818 
0.138172237954 
0.101550432259 
0.123025072348 
0.201193369349 
0.113814735285 
0.109408597394 
0.508137370105 
0.261104037662 
0.128366916026 
0.253509185277 
0.139989000217 
0.163290476717 
0.112784937015 
0.228300440604 
0.153998830254 
0.127590341249 
0.125901851463 
0.162591858805 
0.169971417856 
0.109341615824 
0.228141471175 
0.134833606786 
0.108576594965 
0.15280314553 
0.341811286874 
0.146851549839 
0.116065426213 
0.401449167262 
0.115902551867 
0.167188882017 
0.143152859099 
0.10330006293 
0.167771541361 
0.103670562078 
0.106671012236 
0.139374302062 
0.227040017598 
0.149701665306 
0.108773579418 
0.111698233616 
0.184140010177 
0.139378091005 
0.136081602271 
0.120685473122 
0.495511997723 
0.279105036702 
0.211431442088 
0.116351039594 
0.118651763808 
0.11742883187 
0.228325572423 
0.138460730651 
0.149387298019 
0.113975096517 
0.279608962985 
0.120127601055 
0.131311639737 
0.132005865617 
0.223915601591 
0.1230067707 
0.1026371293 
0.124214684294 
0.112172973409 
0.183314726432 
0.311611439687 
0.146252618944 
0.129589510287 
0.513918128057 
0.11257769052 
0.190041054783 
0.121178674577 
0.132504265547 
0.225012577432 
0.119694626726 
0.132662951764 
0.126237620349 
0.211917295336 
0.118649690241 
0.111400805159 
0.113966278406 
0.214178726018 
0.223082307942 
0.212945020991 
0.204785991593 
0.142718221897 
0.200747199747 
0.114112525896 
0.15207824555 
0.365955113987 
0.176418895629 
0.317107943465 
0.103756556664 
0.104139201269 
0.192536523031 
0.203428215095 
0.105552382613 
0.134037406732 
0.113317944128 
0.105265584143 
0.153768890011 
0.177884698723 
0.107281371139 
0.150714607039 
0.266081795806 
0.108430440418 
0.152822448508 
0.5129105703 
0.254745909364 
0.16721224131 
0.274159343117 
0.105739656317 
0.146873300142 
0.193395765204 
0.174889630208 
0.115069271391 
0.129001898885 
0.192614518621 
0.122642640263 
0.136471831803 
0.164020598422 
0.188065100753 
0.112871383354 
0.10092434122 
0.185859241666 
0.442448883547 
0.19641449543 
0.14599140025 
0.453712885268 
0.107404022094 
0.130574818416 
0.317306926883 
0.103672934194 
0.174991907353 
0.102487793833 
0.110909322867 
0.116032108734 
0.105759631756 
0.105000326851 
0.123359650721 
0.103544424984 
0.101025214285 
0.10663635798 
0.10991551995 
0.107809395773 
0.127975493292 
0.194440375222 
0.101978606017 
0.226768425603 
0.215457793387 
0.19153537962 
0.128279692568 
0.105769829767 
0.132659696928 
0.374558979837 
0.133999618917 
0.106670134924 
0.209646896526 
0.137546797306 
0.121193301815 
0.126355760111 
0.239928418974 
0.141098869473 
0.130807397205 
0.11572974556 
0.118834862574 
0.100562479233 
0.165206897849 
0.432697575043 
0.230937498241 
0.149565059881 
0.173998768942 
0.118911874711 
0.176015905506 
0.10323869459 
0.115618875765 
0.133266053179 
0.140765217176 
0.243260398938 
0.112000772496 
0.416148679825 
0.163714618984 
0.216004642795 
0.141028202322 
0.124000687561 
0.157421395874 
0.134501244986 
0.101446144564 
0.418372647805 
0.282927554138 
0.156579419435 
0.117427800257 
0.202822953582 
0.113011129765 
0.136987659393 
0.199990727423 
0.112526377463 
0.150915468759 
0.214608978475 
0.168934201485 
0.123551498301 
0.118969307045 
0.144650578991 
0.125760169504 
0.101897726191 
0.136509150637 
0.277556319657 
0.118123920112 
0.134269225062 
0.49036359463 
0.206068432398 
0.105982625802 
0.207840142049 
0.190466249839 
0.134410936279 
0.212799499952 
0.124824589912 
0.100888605951 
0.140735612965 
0.372840376618 
0.262721443506 
0.16387834103 
0.121165977314 
0.220707555723 
0.133097816522 
0.113361955311 
0.105741092418 
0.113107790949 
0.140252810326 
0.293967479145 
0.139275674464 
0.337091830676 
0.103501819314 
0.164260032209 
0.228645398174 
0.110812819286 
0.113250823818 
0.138172237954 
0.101550432259 
0.123025072348 
0.201193369349 
0.113814735285 
0.109408597394 
0.508137370105 
0.261104037662 
0.128366916026 
0.253509185277 
0.139989000217 
0.163290476717 
0.112784937015 
0.228300440604 
0.153998830254 
0.127590341249 
0.125901851463 
0.162591858805 
0.169971417856 
0.109341615824 
0.228141471175 
0.134833606786 
0.108576594965 
0.15280314553 
0.341811286874 
0.146851549839 
0.116065426213 
0.401449167262 
0.115902551867 
0.167188882017 
0.143152859099 
0.10330006293 
0.167771541361 
0.103670562078 
0.106671012236 
0.139374302062 
0.227040017598 
0.149701665306 
0.108773579418 
0.111698233616 
0.184140010177 
0.139378091005 
0.136081602271 
0.120685473122 
0.495511997723 
0.279105036702 
0.211431442088 
0.116351039594 
0.118651763808 
0.11742883187 
0.228325572423 
0.138460730651 
0.149387298019 
0.113975096517 
0.279608962985 
0.120127601055 
0.131311639737 
0.132005865617 
0.223915601591 
0.1230067707 
0.1026371293 
0.124214684294 
0.112172973409 
0.183314726432 
0.311611439687 
0.146252618944 
0.129589510287 
0.513918128057 
0.11257769052 
0.190041054783 
0.121178674577 
0.132504265547 
0.225012577432 
0.119694626726 
0.132662951764 
0.126237620349 
0.211917295336 
0.118649690241 
0.111400805159 
0.113966278406 
0.214178726018 
0.223082307942 
0.212945020991 
0.204785991593 
0.142718221897 
0.200747199747 
0.114112525896 
0.15207824555 
0.365955113987 
0.176418895629 
0.317107943465 
0.103756556664 
0.104139201269 
0.192536523031 
0.203428215095 
0.105552382613 
0.134037406732 
0.113317944128 
0.105265584143 
0.153768890011 
0.177884698723 
0.107281371139 
0.150714607039 
0.266081795806 
0.108430440418 
0.152822448508 
0.5129105703 
0.254745909364 
0.16721224131 
0.274159343117 
0.105739656317 
0.146873300142 
0.193395765204 
0.174889630208 
0.115069271391 
0.129001898885 
0.192614518621 
0.122642640263 
0.136471831803 
0.164020598422 
0.188065100753 
0.112871383354 
0.10092434122 
0.185859241666 
0.442448883547 
0.19641449543 
0.14599140025 
0.453712885268 
0.107404022094 
0.130574818416 
0.317306926883 
0.103672934194 
0.174991907353 
0.10942872883 
0.127421830713 
0.129575321677 
0.103595926649 
0.282722842088 
0.225211481717 
0.1025982445 
0.198360103473 
0.232933683864 
0.166105293227 
0.156762261781 
0.183364802836 
0.121935093041 
0.353322349658 
0.162702130218 
0.212356479728 
0.109696035681 
0.132104231483 
0.134012628091 
0.248224257734 
0.15372402355 
0.160607100148 
0.113844479237 
0.156409075847 
0.112546854995 
0.116214309244 
0.150375179486 
0.329103743535 
0.121908179089 
0.132001312641 
0.111697033921 
0.100346218613 
0.103294595694 
0.456335772404 
0.10757166143 
0.253399378795 
0.187873923823 
0.142486461945 
0.339626049353 
0.129925617576 
0.227135541948 
0.147149434582 
0.138421427795 
0.110958191922 
0.116831849232 
0.186362559171 
0.252484022267 
0.23209427625 
0.12686241457 
0.208343671477 
0.134440472759 
0.115557065946 
0.116505624061 
0.144933322183 
0.347199964759 
0.150200476918 
0.404060871106 
0.154918284377 
0.228962859303 
0.162675255163 
0.153464465205 
0.123764781608 
0.141857504545 
0.174810708798 
0.131044998232 
0.131396997182 
0.231957888737 
0.140020570663 
0.132250437816 
0.105828581258 
0.104078529316 
0.114754704541 
0.10309233236 
0.361958717853 
0.138163458126 
0.275808286958 
0.159351306189 
0.219266985806 
0.255399113657 
0.129599564956 
0.301375322137 
0.183632431699 
0.131023870204 
0.222316425955 
0.107525012088 
0.158379907183 
0.146049846623 
0.216937068304 
0.133323141285 
0.122858347913 
0.11342291607 
0.147272031462 
0.217462960871 
0.155663877709 
0.103957856828 
0.100525103972 
0.109606595836 
0.154551315026 
0.134134273787 
0.140630408226 
0.120447054891 
0.151137299955 
0.332448703507 
0.149488773183 
0.105308215661 
0.11434118621 
0.331857577366 
0.105921201111 
0.230682618164 
0.151401022383 
0.219904536017 
0.110716381628 
0.178580322757 
0.174233537252 
0.124851950369 
0.264124921017 
0.102383871592 
0.147263973926 
0.115733531363 
0.105161468871 
0.130601209114 
0.148007357704 
0.106004499125 
0.16559253784 
0.158963822344 
0.384038198994 
0.198570985614 
0.141805529447 
0.17682548012 
0.174597596041 
0.11642275038 
0.202180686335 
0.234814591784 
0.143861765672 
0.127424840153 
0.147006593724 
0.152995870949 
0.11711456071 
0.174789314223 
0.303727795172 
0.263638762264 
0.121469209564 
0.16722895754 
0.191533076186 
0.146899345744 
0.16687148537 
0.13036482457 
0.101722555593 
0.144984956342 
0.158993621496 
0.114411780195 
0.286496434257 
0.195212623038 
0.17155709937 
0.395398312131 
0.224036009232 
0.630839104676 
0.30876700155 
0.433711639195 
0.180901610882 
0.511631488103 
0.100200385495 
0.636505594957 
0.133099879443 
0.183994506172 
0.251472692781 
0.10430570673 
0.102438220537 
0.101460276623 
0.101303067608 
0.106860011804 
0.256542432763 
0.299344090304 
0.144596577142 
0.142505888756 
0.125669548661 
0.496267774524 
0.108283831822 
0.12072887821 
0.355771593705 
0.131765568114 
0.381486910702 
0.17311763593 
0.148876567004 
0.114535789764 
0.735996277424 
0.406494052488 
0.228276977605 
0.189802574371 
0.141194599555 
0.173463282629 
0.277724210227 
0.11792215945 
0.104549088019 
0.265606652793 
0.115508175616 
0.143116174902 
0.122807857023 
0.180711165559 
0.410542504034 
0.179604773848 
0.104891421851 
0.174801247137 
0.100241047563 
0.119625257527 
0.107644902681 
0.140611199186 
0.232349863591 
0.191698949287 
0.103995076034 
0.145250801158 
0.251145308841 
0.113381922376 
0.36327157974 
0.115121874914 
0.237883612646 
0.154151164924 
0.140143972288 
0.108731878042 
0.107265017876 
0.156686744585 
0.100022693929 
0.156718441336 
0.243626539887 
0.224475690087 
0.141820642189 
0.133125038472 
0.115856912437 
0.191617662127 
0.170735343753 
0.100014481701 
0.116042765472 
0.140166353494 
0.119851377642 
0.111871656868 
0.136238606504 
0.100791295948 
0.187937886439 
0.310177072586 
0.140614039235 
0.347771265276 
0.169003719737 
0.116211260302 
0.101373925027 
0.206387401073 
0.16614183539 
0.122822107732 
0.123691693185 
0.119311060442 
0.126898710701 
0.109909044433 
0.125655368836 
0.10695343416 
0.107445585925 
0.106086598483 
0.11498624548 
0.141421382386 
0.118662719975 
0.114057714787 
0.147664357453 
0.100860909493 
0.106421742177 
0.118342084893 
0.108875954939 
0.106786668841 
0.14748564299 
0.127119176076 
0.106420353652 
0.158735356191 
0.121913981678 
0.115299337104 
0.127228538795 
0.124149686707 
0.104108827546 
0.169478471548 
0.113056736977 
0.101205491432 
0.159296402001 
0.105573847481 
0.143563606444 
0.133695005723 
0.111517255296 
0.116154632028 
0.100327421034 
0.135567234866 
0.138893601338 
0.146786627675 
0.113564280216 
0.109743763741 
0.103683373202 
0.104916697221 
0.101874517844 
0.164960872967 
0.118805411839 
0.167013627984 
0.129836053841 
0.117355191114 
0.100326939098 
0.100488851714 
0.114658300951 
0.133775214639 
0.112802512171 
0.118994240393 
0.105539715055 
0.139314966343 
0.107232359327 
0.142998572876 
0.143928006384 
0.105257927699 
0.11920207239 
0.143657513513 
0.144806085387 
0.101929674675 
0.14742776391 
0.149382441552 
0.101359056601 
0.161536402101 
0.144311564952 
0.117070834525 
0.141606517185 
0.133488605782 
0.10200884301 
0.1198026964 
0.133236450691 
0.111205804862 
0.178091661126 
0.126583107458 
0.109768713813 
0.118886437225 
0.179058332624 
0.128637526024 
0.112384199254 
0.100576808874 
0.103354721203 
0.106227581549 
0.104068084345 
0.114090764445 
0.23223173883 
0.170174362202 
0.118778510583 
0.269823086523 
0.106189403691 
0.115008710613 
0.32360668348 
0.166096763987 
0.132410661527 
0.133851985953 
0.136339510046 
0.124004128339 
0.166727505459 
0.115217648625 
0.109875865176 
0.121776624708 
0.148558793635 
0.390400844174 
0.141191704068 
0.16707291273 
0.121113631958 
0.111910100582 
0.108808577143 
0.110300139122 
0.137300223004 
0.28667678555 
0.223209334337 
0.140186554938 
0.231468659733 
0.115989592667 
0.178116953288 
0.115244502782 
0.113432876334 
0.159699516224 
0.103754069543 
0.154335661836 
0.264236852989 
0.121656659602 
0.425890292989 
0.172722548448 
0.13537832637 
0.105730149641 
0.119344260538 
0.112850436103 
0.10304005098 
0.110365729573 
0.121214701772 
0.203303150409 
0.118679066583 
0.212598763421 
0.116929723649 
0.101160272174 
0.103476806135 
0.189492480166 
0.278234811182 
0.128393007615 
0.279401835212 
0.111655649021 
0.109170094041 
0.136178421441 
0.100432113431 
0.14312148808 
0.103073377956 
0.171264293286 
0.100366063364 
0.191785643187 
0.466942697257 
0.231883101799 
0.166525701815 
0.128249547075 
0.173402913349 
0.104634424791 
0.137408481889 
0.110444840327 
0.196368412459 
0.236349905656 
0.102600928322 
0.113719219747 
0.122593825138 
0.188771213376 
0.142948788854 
0.118368754165 
0.111833020965 
0.207327169253 
0.119458554177 
0.17576479168 
0.280384551615 
0.129317716078 
0.430428816364 
0.174095328986 
0.224201775648 
0.105071026398 
0.143141121404 
0.126948839815 
0.112783176203 
0.187382721992 
0.159324772405 
0.443086429122 
0.224854068545 
0.306713383609 
0.131875040698 
0.116279804096 
0.208102252887 
0.126053876299 
0.165543086813 
0.170926189528 
0.104279374971 
0.282211537099 
0.132875666848 
0.108232891308 
0.101864877072 
0.179928199932 
0.110597927785 
0.126174057203 
0.124565588632 
0.184956186131 
0.155235535077 
0.166055502005 
0.106393526186 
0.101571418299 
0.115715411007 
0.111632594605 
0.228342428436 
0.146400149721 
0.15581741911 
0.499930402812 
0.168124279427 
0.116002356989 
0.172387540795 
0.213866442153 
0.176612353556 
0.10027187226 
0.204824290563 
0.148609215289 
0.109208072939 
0.103411536263 
0.113179351157 
0.349592932783 
0.324070121085 
0.226458555475 
0.138972663043 
0.157856904785 
0.224125108613 
0.214704679898 
0.207292036566 
0.308258430976 
0.120020373456 
0.14115144048 
0.304985061106 
0.107091470955 
0.143893027906 
0.181833973047 
0.116740607652 
0.108523534506 
0.24283372658 
0.11842505018 
0.14042706336 
0.134086407404 
0.109808957127 
0.134041164052 
0.133877216658 
0.143261259217 
0.537575806473 
0.223682312363 
0.194266213822 
0.160607511528 
0.191944712155 
0.121048229322 
0.24884549753 
0.105685875629 
0.153760408653 
0.260850245915 
0.135197088897 
0.172517285076 
0.118759317497 
0.150539132295 
0.166759534791 
0.280370153886 
0.22231668098 
0.107325107947 
0.125194312263 
0.163841074471 
0.349278623638 
0.107932758667 
0.138159560957 
0.474009307817 
0.124598553081 
0.127239825112 
0.13813650099 
0.151333098084 
0.215375758044 
0.11085920494 
0.271162698718 
0.109173087578 
0.18244697194 
0.301459133428 
0.135711862899 
0.208269435069 
0.106247223694 
0.115723706224 
0.105869658885 
0.129832607271 
0.394495051944 
0.297331504773 
0.12550409709 
0.16441727521 
0.148109542326 
0.315264463904 
0.214182218833 
0.208553014364 
0.331526060161 
0.138263818331 
0.123717060657 
0.216015636264 
0.107289764956 
0.193451142817 
0.205093008546 
0.111801906491 
0.197243424158 
0.329031421241 
0.155878625187 
0.12168789908 
0.130280114381 
0.132342467827 
0.12389997347 
0.135740490378 
0.232315299167 
0.317343805748 
0.135696426072 
0.137204347672 
0.101304103996 
0.469436235359 
0.121592561246 
0.245555239787 
0.145355623335 
0.149058617738 
0.241812269367 
0.11821411403 
0.225772218713 
0.340313452763 
0.127449179657 
0.197597664037 
0.133404259045 
0.120648459078 
0.113716320576 
0.108042226267 
0.104064984327 
0.10320649959 
0.101601675371 
0.349278963882 
0.204461159723 
0.104104130662 
0.103610236566 
0.266004143399 
0.403459733269 
0.191325780158 
0.128977804008 
0.172953537651 
0.356804753068 
0.121102371656 
0.109667481057 
0.22671471821 
0.101599894109 
0.242649641091 
0.10357096961 
0.10292283788 
0.356927435187 
0.102487793833 
0.110909322867 
0.116032108734 
0.105759631756 
0.105000326851 
0.123359650721 
0.103544424984 
0.101025214285 
0.10663635798 
0.10991551995 
0.107809395773 
0.127975493292 
0.194440375222 
0.101978606017 
0.226768425603 
0.215457793387 
0.19153537962 
0.128279692568 
0.105769829767 
0.132659696928 
0.374558979837 
0.133999618917 
0.106670134924 
0.209646896526 
0.137546797306 
0.121193301815 
0.126355760111 
0.239928418974 
0.141098869473 
0.130807397205 
0.11572974556 
0.118834862574 
0.100562479233 
0.165206897849 
0.432697575043 
0.230937498241 
0.149565059881 
0.173998768942 
0.118911874711 
0.176015905506 
0.10323869459 
0.115618875765 
0.133266053179 
0.140765217176 
0.243260398938 
0.112000772496 
0.416148679825 
0.163714618984 
0.216004642795 
0.141028202322 
0.124000687561 
0.157421395874 
0.134501244986 
0.101446144564 
0.418372647805 
0.282927554138 
0.156579419435 
0.117427800257 
0.202822953582 
0.113011129765 
0.136987659393 
0.199990727423 
0.112526377463 
0.150915468759 
0.214608978475 
0.168934201485 
0.123551498301 
0.118969307045 
0.144650578991 
0.125760169504 
0.101897726191 
0.136509150637 
0.277556319657 
0.118123920112 
0.134269225062 
0.49036359463 
0.206068432398 
0.105982625802 
0.207840142049 
0.190466249839 
0.134410936279 
0.212799499952 
0.124824589912 
0.100888605951 
0.140735612965 
0.372840376618 
0.262721443506 
0.16387834103 
0.121165977314 
0.220707555723 
0.133097816522 
0.113361955311 
0.105741092418 
0.113107790949 
0.140252810326 
0.293967479145 
0.139275674464 
0.337091830676 
0.103501819314 
0.164260032209 
0.228645398174 
0.110812819286 
0.113250823818 
0.138172237954 
0.101550432259 
0.123025072348 
0.201193369349 
0.113814735285 
0.109408597394 
0.508137370105 
0.261104037662 
0.128366916026 
0.253509185277 
0.139989000217 
0.163290476717 
0.112784937015 
0.228300440604 
0.153998830254 
0.127590341249 
0.125901851463 
0.162591858805 
0.169971417856 
0.109341615824 
0.228141471175 
0.134833606786 
0.108576594965 
0.15280314553 
0.341811286874 
0.146851549839 
0.116065426213 
0.401449167262 
0.115902551867 
0.167188882017 
0.143152859099 
0.10330006293 
0.167771541361 
0.103670562078 
0.106671012236 
0.139374302062 
0.227040017598 
0.149701665306 
0.108773579418 
0.111698233616 
0.184140010177 
0.139378091005 
0.136081602271 
0.120685473122 
0.495511997723 
0.279105036702 
0.211431442088 
0.116351039594 
0.118651763808 
0.11742883187 
0.228325572423 
0.138460730651 
0.149387298019 
0.113975096517 
0.279608962985 
0.120127601055 
0.131311639737 
0.132005865617 
0.223915601591 
0.1230067707 
0.1026371293 
0.124214684294 
0.112172973409 
0.183314726432 
0.311611439687 
0.146252618944 
0.129589510287 
0.513918128057 
0.11257769052 
0.190041054783 
0.121178674577 
0.132504265547 
0.225012577432 
0.119694626726 
0.132662951764 
0.126237620349 
0.211917295336 
0.118649690241 
0.111400805159 
0.113966278406 
0.214178726018 
0.223082307942 
0.212945020991 
0.204785991593 
0.142718221897 
0.200747199747 
0.114112525896 
0.15207824555 
0.365955113987 
0.176418895629 
0.317107943465 
0.103756556664 
0.104139201269 
0.192536523031 
0.203428215095 
0.105552382613 
0.134037406732 
0.113317944128 
0.105265584143 
0.153768890011 
0.177884698723 
0.107281371139 
0.150714607039 
0.266081795806 
0.108430440418 
0.152822448508 
0.5129105703 
0.254745909364 
0.16721224131 
0.274159343117 
0.105739656317 
0.146873300142 
0.193395765204 
0.174889630208 
0.115069271391 
0.129001898885 
0.192614518621 
0.122642640263 
0.136471831803 
0.164020598422 
0.188065100753 
0.112871383354 
0.10092434122 
0.185859241666 
0.442448883547 
0.19641449543 
0.14599140025 
0.453712885268 
0.107404022094 
0.130574818416 
0.317306926883 
0.103672934194 
0.174991907353 
0.10942872883 
0.127421830713 
0.129575321677 
0.103595926649 
0.282722842088 
0.225211481717 
0.1025982445 
0.198360103473 
0.232933683864 
0.166105293227 
0.156762261781 
0.183364802836 
0.121935093041 
0.353322349658 
0.162702130218 
0.212356479728 
0.109696035681 
0.132104231483 
0.134012628091 
0.248224257734 
0.15372402355 
0.160607100148 
0.113844479237 
0.156409075847 
0.112546854995 
0.116214309244 
0.150375179486 
0.329103743535 
0.121908179089 
0.132001312641 
0.111697033921 
0.100346218613 
0.103294595694 
0.456335772404 
0.10757166143 
0.253399378795 
0.187873923823 
0.142486461945 
0.339626049353 
0.129925617576 
0.227135541948 
0.147149434582 
0.138421427795 
0.110958191922 
0.116831849232 
0.186362559171 
0.252484022267 
0.23209427625 
0.12686241457 
0.208343671477 
0.134440472759 
0.115557065946 
0.116505624061 
0.144933322183 
0.347199964759 
0.150200476918 
0.404060871106 
0.154918284377 
0.228962859303 
0.162675255163 
0.153464465205 
0.123764781608 
0.141857504545 
0.174810708798 
0.131044998232 
0.131396997182 
0.231957888737 
0.140020570663 
0.132250437816 
0.105828581258 
0.104078529316 
0.114754704541 
0.10309233236 
0.361958717853 
0.138163458126 
0.275808286958 
0.159351306189 
0.219266985806 
0.255399113657 
0.129599564956 
0.301375322137 
0.183632431699 
0.131023870204 
0.222316425955 
0.107525012088 
0.158379907183 
0.146049846623 
0.216937068304 
0.133323141285 
0.122858347913 
0.11342291607 
0.147272031462 
0.217462960871 
0.155663877709 
0.103957856828 
0.100525103972 
0.109606595836 
0.154551315026 
0.134134273787 
0.140630408226 
0.120447054891 
0.151137299955 
0.332448703507 
0.149488773183 
0.105308215661 
0.11434118621 
0.331857577366 
0.105921201111 
0.230682618164 
0.151401022383 
0.219904536017 
0.110716381628 
0.178580322757 
0.174233537252 
0.124851950369 
0.264124921017 
0.102383871592 
0.147263973926 
0.115733531363 
0.105161468871 
0.130601209114 
0.148007357704 
0.106004499125 
0.16559253784 
0.158963822344 
0.384038198994 
0.198570985614 
0.141805529447 
0.17682548012 
0.174597596041 
0.11642275038 
0.202180686335 
0.234814591784 
0.143861765672 
0.127424840153 
0.147006593724 
0.152995870949 
0.11711456071 
0.174789314223 
0.303727795172 
0.263638762264 
0.121469209564 
0.16722895754 
0.191533076186 
0.146899345744 
0.16687148537 
0.13036482457 
0.101722555593 
0.144984956342 
0.102487793833 
0.110909322867 
0.116032108734 
0.105759631756 
0.105000326851 
0.123359650721 
0.103544424984 
0.101025214285 
0.10663635798 
0.10991551995 
0.107809395773 
0.127975493292 
0.194440375222 
0.101978606017 
0.226768425603 
0.215457793387 
0.19153537962 
0.128279692568 
0.105769829767 
0.132659696928 
0.374558979837 
0.133999618917 
0.106670134924 
0.209646896526 
0.137546797306 
0.121193301815 
0.126355760111 
0.239928418974 
0.141098869473 
0.130807397205 
0.11572974556 
0.118834862574 
0.100562479233 
0.165206897849 
0.432697575043 
0.230937498241 
0.149565059881 
0.173998768942 
0.118911874711 
0.176015905506 
0.10323869459 
0.115618875765 
0.133266053179 
0.140765217176 
0.243260398938 
0.112000772496 
0.416148679825 
0.163714618984 
0.216004642795 
0.141028202322 
0.124000687561 
0.157421395874 
0.134501244986 
0.101446144564 
0.418372647805 
0.282927554138 
0.156579419435 
0.117427800257 
0.202822953582 
0.113011129765 
0.136987659393 
0.199990727423 
0.112526377463 
0.150915468759 
0.214608978475 
0.168934201485 
0.123551498301 
0.118969307045 
0.144650578991 
0.125760169504 
0.101897726191 
0.136509150637 
0.277556319657 
0.118123920112 
0.134269225062 
0.49036359463 
0.206068432398 
0.105982625802 
0.207840142049 
0.190466249839 
0.134410936279 
0.212799499952 
0.124824589912 
0.100888605951 
0.140735612965 
0.372840376618 
0.262721443506 
0.16387834103 
0.121165977314 
0.220707555723 
0.133097816522 
0.113361955311 
0.105741092418 
0.113107790949 
0.140252810326 
0.293967479145 
0.139275674464 
0.337091830676 
0.103501819314 
0.164260032209 
0.228645398174 
0.110812819286 
0.113250823818 
0.138172237954 
0.101550432259 
0.123025072348 
0.201193369349 
0.113814735285 
0.109408597394 
0.508137370105 
0.261104037662 
0.128366916026 
0.253509185277 
0.139989000217 
0.163290476717 
0.112784937015 
0.228300440604 
0.153998830254 
0.127590341249 
0.125901851463 
0.162591858805 
0.169971417856 
0.109341615824 
0.228141471175 
0.134833606786 
0.108576594965 
0.15280314553 
0.341811286874 
0.146851549839 
0.116065426213 
0.401449167262 
0.115902551867 
0.167188882017 
0.143152859099 
0.10330006293 
0.167771541361 
0.103670562078 
0.106671012236 
0.139374302062 
0.227040017598 
0.149701665306 
0.108773579418 
0.111698233616 
0.184140010177 
0.139378091005 
0.136081602271 
0.120685473122 
0.495511997723 
0.279105036702 
0.211431442088 
0.116351039594 
0.118651763808 
0.11742883187 
0.228325572423 
0.138460730651 
0.149387298019 
0.113975096517 
0.279608962985 
0.120127601055 
0.131311639737 
0.132005865617 
0.223915601591 
0.1230067707 
0.1026371293 
0.124214684294 
0.112172973409 
0.183314726432 
0.311611439687 
0.146252618944 
0.129589510287 
0.513918128057 
0.11257769052 
0.190041054783 
0.121178674577 
0.132504265547 
0.225012577432 
0.119694626726 
0.132662951764 
0.126237620349 
0.211917295336 
0.118649690241 
0.111400805159 
0.113966278406 
0.214178726018 
0.223082307942 
0.212945020991 
0.204785991593 
0.142718221897 
0.200747199747 
0.114112525896 
0.15207824555 
0.365955113987 
0.176418895629 
0.317107943465 
0.103756556664 
0.104139201269 
0.192536523031 
0.203428215095 
0.105552382613 
0.134037406732 
0.113317944128 
0.105265584143 
0.153768890011 
0.177884698723 
0.107281371139 
0.150714607039 
0.266081795806 
0.108430440418 
0.152822448508 
0.5129105703 
0.254745909364 
0.16721224131 
0.274159343117 
0.105739656317 
0.146873300142 
0.193395765204 
0.174889630208 
0.115069271391 
0.129001898885 
0.192614518621 
0.122642640263 
0.136471831803 
0.164020598422 
0.188065100753 
0.112871383354 
0.10092434122 
0.185859241666 
0.442448883547 
0.19641449543 
0.14599140025 
0.453712885268 
0.107404022094 
0.130574818416 
0.317306926883 
0.103672934194 
0.174991907353 
0.10942872883 
0.127421830713 
0.129575321677 
0.103595926649 
0.282722842088 
0.225211481717 
0.1025982445 
0.198360103473 
0.232933683864 
0.166105293227 
0.156762261781 
0.183364802836 
0.121935093041 
0.353322349658 
0.162702130218 
0.212356479728 
0.109696035681 
0.132104231483 
0.134012628091 
0.248224257734 
0.15372402355 
0.160607100148 
0.113844479237 
0.156409075847 
0.112546854995 
0.116214309244 
0.150375179486 
0.329103743535 
0.121908179089 
0.132001312641 
0.111697033921 
0.100346218613 
0.103294595694 
0.456335772404 
0.10757166143 
0.253399378795 
0.187873923823 
0.142486461945 
0.339626049353 
0.129925617576 
0.227135541948 
0.147149434582 
0.138421427795 
0.110958191922 
0.116831849232 
0.186362559171 
0.252484022267 
0.23209427625 
0.12686241457 
0.208343671477 
0.134440472759 
0.115557065946 
0.116505624061 
0.144933322183 
0.347199964759 
0.150200476918 
0.404060871106 
0.154918284377 
0.228962859303 
0.162675255163 
0.153464465205 
0.123764781608 
0.141857504545 
0.174810708798 
0.131044998232 
0.131396997182 
0.231957888737 
0.140020570663 
0.132250437816 
0.105828581258 
0.104078529316 
0.114754704541 
0.10309233236 
0.361958717853 
0.138163458126 
0.275808286958 
0.159351306189 
0.219266985806 
0.255399113657 
0.129599564956 
0.301375322137 
0.183632431699 
0.131023870204 
0.222316425955 
0.107525012088 
0.158379907183 
