0.10423914134 
0.101896003231 
0.115605415251 
0.102186947287 
0.119400952053 
0.102151427452 
0.103392554452 
0.103592274908 
0.126938893517 
0.111820939461 
0.102030434114 
0.100997658456 
0.135552652354 
0.103139396617 
0.124392840887 
0.126883067969 
0.117559834677 
0.105026842791 
0.137905804108 
0.166789687932 
0.101997758772 
0.216741472535 
0.110084362667 
0.119287491583 
0.118265877596 
0.122936789684 
0.272691981211 
0.116248697263 
0.227164071184 
0.221610476763 
0.11748207978 
0.160950756839 
0.133033389278 
0.126452405812 
0.104131439196 
0.145089186307 
0.415021015859 
0.148031619784 
0.114082755741 
0.131152717472 
0.118952983434 
0.176115363147 
0.119914972698 
0.141786163043 
0.124569315646 
0.102895739766 
0.160350697829 
0.220468521643 
0.125699300799 
0.144676294741 
0.13645546071 
0.120191503306 
0.122798822187 
0.168944593031 
0.413192486658 
0.180113920288 
0.101900463223 
0.150085845722 
0.145143532603 
0.199903348925 
0.136292392919 
0.158618658976 
0.111942966887 
0.117585343575 
0.125362055714 
0.110187480722 
0.121162166747 
0.154124671408 
0.238805284818 
0.104714373152 
0.38554506699 
0.15610632737 
0.102355953436 
0.16393461269 
0.12242175993 
0.114429651033 
0.100269446163 
0.127508216455 
0.114607414768 
0.104973903877 
0.436286075609 
0.319585427447 
0.195793247315 
0.165660130617 
0.189179778768 
0.208436003609 
0.105310984483 
0.143467778593 
0.177140820293 
0.169590774775 
0.167323040012 
0.115347115651 
0.119990633922 
0.133553498238 
0.121863015427 
0.103000966125 
0.118933552075 
0.245696312606 
0.13173576846 
0.103671140452 
0.450012082487 
0.197815046964 
0.112592208583 
0.185894738258 
0.190446700178 
0.156186487113 
0.171145481288 
0.169639556659 
0.131964450735 
0.422881147444 
0.267091990314 
0.192097735846 
0.155533275295 
0.169362213534 
0.165743137596 
0.116049028678 
0.11336891274 
0.262734128876 
0.114052410305 
0.270955542985 
0.174722303418 
0.166952790282 
0.104557735781 
0.104315360989 
0.101532705965 
0.139633101326 
0.11173743649 
0.197730259324 
0.11234942262 
0.104034581984 
0.104240870962 
0.515008625681 
0.260991475951 
0.102629535018 
0.232011678966 
0.151619202817 
0.187118211925 
0.14125847027 
0.165141615252 
0.200742466441 
0.112372919876 
0.172003808676 
0.155295218015 
0.15501330433 
0.13013157668 
0.16323873737 
0.105101621992 
0.129098226727 
0.32011532719 
0.129943228504 
0.102286998934 
0.374230315563 
0.119089510178 
0.129682702915 
0.126056530475 
0.166981206163 
0.100310051474 
0.14238863027 
0.178407240826 
0.155733029123 
0.12867457788 
0.167262565892 
0.113828964576 
0.128086885814 
0.141535088056 
0.138635822569 
0.14803378965 
0.136075761764 
0.511561613687 
0.281900278563 
0.214233359643 
0.140852698988 
0.120978534328 
0.10077406683 
0.15068279977 
0.177912193871 
0.116851377905 
0.251913641736 
0.125537260157 
0.14571011933 
0.102534117354 
0.142769139963 
0.107687151841 
0.125702898537 
0.19038672419 
0.330747667688 
0.150009756671 
0.13016508178 
0.53195690124 
0.111936540437 
0.208956803068 
0.131852803537 
0.225006234942 
0.113733821061 
0.12364687557 
0.116253853765 
0.135855215566 
0.165208769669 
0.109739706063 
0.101600007401 
0.106983633017 
0.107927001207 
0.111778853982 
0.210289300766 
0.185024280684 
0.219634679646 
0.107534233106 
0.129975304136 
0.162199168187 
0.178499439574 
0.170846147106 
0.368696345163 
0.173575885012 
0.218756759088 
0.162347591815 
0.121585717047 
0.152438189076 
0.119412535104 
0.109229762604 
0.13176130188 
0.119538034457 
0.165630435855 
0.111715565072 
0.181891229267 
0.310225086224 
0.115887402989 
0.134009034268 
0.423523789914 
0.216124000267 
0.118388423604 
0.144234802801 
0.279901860328 
0.122040938765 
0.123879365679 
0.10980320522 
0.223717483526 
0.128393027593 
0.173286989657 
0.127018173506 
0.156392559196 
0.195606362114 
0.193420018025 
0.110182041226 
0.109510181434 
0.101334938515 
0.188729666148 
0.470507221539 
0.195859517553 
0.114736943633 
0.112901123498 
0.412990853081 
0.114822777661 
0.100254237674 
0.125350399867 
0.102269689856 
0.313938569086 
0.123810483252 
0.128194166302 
0.156555312569 
0.116308249109 
0.108474459171 
0.118314563679 
0.113002894271 
0.105388477838 
0.102059805834 
0.347708155953 
0.227274564254 
0.184812636742 
0.241332385809 
0.19122105798 
0.140990894435 
0.100386921277 
0.122612633474 
0.330681600441 
0.171683378368 
0.131774827929 
0.156538391665 
0.129132584735 
0.255542394974 
0.155686110121 
0.119018199371 
0.111448975332 
0.114055726022 
0.182163817495 
0.326096548274 
0.122236069972 
0.101407614804 
0.111984921718 
0.107730631917 
0.11078905911 
0.442321712138 
0.119977127761 
0.224822592005 
0.15555751078 
0.101717286397 
0.344952549805 
0.157113537293 
0.233166873095 
0.185555700412 
0.136301968243 
0.116141149087 
0.120803772782 
0.33530845712 
0.238639689028 
0.19833392953 
0.138749767131 
0.233444314779 
0.111441177865 
0.106881682729 
0.12540095941 
0.10423914134 
0.101896003231 
0.115605415251 
0.102186947287 
0.119400952053 
0.102151427452 
0.103392554452 
0.103592274908 
0.126938893517 
0.111820939461 
0.102030434114 
0.100997658456 
0.135552652354 
0.103139396617 
0.124392840887 
0.126883067969 
0.117559834677 
0.105026842791 
0.137905804108 
0.166789687932 
0.101997758772 
0.216741472535 
0.110084362667 
0.119287491583 
0.118265877596 
0.122936789684 
0.272691981211 
0.116248697263 
0.227164071184 
0.221610476763 
0.11748207978 
0.160950756839 
0.133033389278 
0.126452405812 
0.104131439196 
0.145089186307 
0.415021015859 
0.148031619784 
0.114082755741 
0.131152717472 
0.118952983434 
0.176115363147 
0.119914972698 
0.141786163043 
0.124569315646 
0.102895739766 
0.160350697829 
0.220468521643 
0.125699300799 
0.144676294741 
0.13645546071 
0.120191503306 
0.122798822187 
0.168944593031 
0.413192486658 
0.180113920288 
0.101900463223 
0.150085845722 
0.145143532603 
0.199903348925 
0.136292392919 
0.158618658976 
0.111942966887 
0.117585343575 
0.125362055714 
0.110187480722 
0.121162166747 
0.154124671408 
0.238805284818 
0.104714373152 
0.38554506699 
0.15610632737 
0.102355953436 
0.16393461269 
0.12242175993 
0.114429651033 
0.100269446163 
0.127508216455 
0.114607414768 
0.104973903877 
0.436286075609 
0.319585427447 
0.195793247315 
0.165660130617 
0.189179778768 
0.208436003609 
0.105310984483 
0.143467778593 
0.177140820293 
0.169590774775 
0.167323040012 
0.115347115651 
0.119990633922 
0.133553498238 
0.121863015427 
0.103000966125 
0.118933552075 
0.245696312606 
0.13173576846 
0.103671140452 
0.450012082487 
0.197815046964 
0.112592208583 
0.185894738258 
0.190446700178 
0.156186487113 
0.171145481288 
0.169639556659 
0.131964450735 
0.422881147444 
0.267091990314 
0.192097735846 
0.155533275295 
0.169362213534 
0.165743137596 
0.116049028678 
0.11336891274 
0.262734128876 
0.114052410305 
0.270955542985 
0.174722303418 
0.166952790282 
0.104557735781 
0.104315360989 
0.101532705965 
0.139633101326 
0.11173743649 
0.197730259324 
0.11234942262 
0.104034581984 
0.104240870962 
0.515008625681 
0.260991475951 
0.102629535018 
0.232011678966 
0.151619202817 
0.187118211925 
0.14125847027 
0.165141615252 
0.200742466441 
0.112372919876 
0.172003808676 
0.155295218015 
0.15501330433 
0.13013157668 
0.16323873737 
0.105101621992 
0.129098226727 
0.32011532719 
0.129943228504 
0.102286998934 
0.374230315563 
0.119089510178 
0.129682702915 
0.126056530475 
0.166981206163 
0.100310051474 
0.14238863027 
0.178407240826 
0.155733029123 
0.12867457788 
0.167262565892 
0.113828964576 
0.128086885814 
0.141535088056 
0.138635822569 
0.14803378965 
0.136075761764 
0.511561613687 
0.281900278563 
0.214233359643 
0.140852698988 
0.120978534328 
0.10077406683 
0.15068279977 
0.177912193871 
0.116851377905 
0.251913641736 
0.125537260157 
0.14571011933 
0.102534117354 
0.142769139963 
0.107687151841 
0.125702898537 
0.19038672419 
0.330747667688 
0.150009756671 
0.13016508178 
0.53195690124 
0.111936540437 
0.208956803068 
0.131852803537 
0.225006234942 
0.113733821061 
0.12364687557 
0.116253853765 
0.135855215566 
0.165208769669 
0.109739706063 
0.101600007401 
0.106983633017 
0.107927001207 
0.111778853982 
0.210289300766 
0.185024280684 
0.219634679646 
0.107534233106 
0.129975304136 
0.162199168187 
0.178499439574 
0.170846147106 
0.368696345163 
0.173575885012 
0.218756759088 
0.162347591815 
0.121585717047 
0.152438189076 
0.119412535104 
0.109229762604 
0.13176130188 
0.119538034457 
0.165630435855 
0.111715565072 
0.181891229267 
0.310225086224 
0.115887402989 
0.134009034268 
0.423523789914 
0.216124000267 
0.118388423604 
0.144234802801 
0.279901860328 
0.122040938765 
0.123879365679 
0.10980320522 
0.223717483526 
0.128393027593 
0.173286989657 
0.127018173506 
0.156392559196 
0.195606362114 
0.193420018025 
0.10423914134 
0.101896003231 
0.115605415251 
0.102186947287 
0.119400952053 
0.102151427452 
0.103392554452 
0.103592274908 
0.126938893517 
0.111820939461 
0.102030434114 
0.100997658456 
0.135552652354 
0.103139396617 
0.124392840887 
0.126883067969 
0.117559834677 
0.105026842791 
0.137905804108 
0.166789687932 
0.101997758772 
0.216741472535 
0.110084362667 
0.119287491583 
0.118265877596 
0.122936789684 
0.272691981211 
0.116248697263 
0.227164071184 
0.221610476763 
0.11748207978 
0.160950756839 
0.133033389278 
0.126452405812 
0.104131439196 
0.145089186307 
0.415021015859 
0.148031619784 
0.114082755741 
0.131152717472 
0.118952983434 
0.176115363147 
0.119914972698 
0.141786163043 
0.124569315646 
0.102895739766 
0.160350697829 
0.220468521643 
0.125699300799 
0.144676294741 
0.13645546071 
0.120191503306 
0.122798822187 
0.168944593031 
0.413192486658 
0.180113920288 
0.101900463223 
0.150085845722 
0.145143532603 
0.199903348925 
0.136292392919 
0.158618658976 
0.111942966887 
0.117585343575 
0.125362055714 
0.110187480722 
0.121162166747 
0.154124671408 
0.238805284818 
0.104714373152 
0.38554506699 
0.15610632737 
0.102355953436 
0.16393461269 
0.12242175993 
0.114429651033 
0.100269446163 
0.127508216455 
0.114607414768 
0.104973903877 
0.436286075609 
0.319585427447 
0.195793247315 
0.165660130617 
0.189179778768 
0.208436003609 
0.105310984483 
0.143467778593 
0.177140820293 
0.169590774775 
0.167323040012 
0.115347115651 
0.119990633922 
0.133553498238 
0.121863015427 
0.103000966125 
0.118933552075 
0.245696312606 
0.13173576846 
0.103671140452 
0.450012082487 
0.197815046964 
0.112592208583 
0.185894738258 
0.190446700178 
0.156186487113 
0.171145481288 
0.169639556659 
0.131964450735 
0.422881147444 
0.267091990314 
0.192097735846 
0.155533275295 
0.169362213534 
0.165743137596 
0.116049028678 
0.11336891274 
0.262734128876 
0.114052410305 
0.270955542985 
0.174722303418 
0.166952790282 
0.104557735781 
0.104315360989 
0.101532705965 
0.139633101326 
0.11173743649 
0.197730259324 
0.11234942262 
0.104034581984 
0.104240870962 
0.515008625681 
0.260991475951 
0.102629535018 
0.232011678966 
0.151619202817 
0.187118211925 
0.14125847027 
0.165141615252 
0.200742466441 
0.112372919876 
0.172003808676 
0.155295218015 
0.15501330433 
0.13013157668 
0.16323873737 
0.105101621992 
0.129098226727 
0.32011532719 
0.129943228504 
0.102286998934 
0.374230315563 
0.119089510178 
0.129682702915 
0.126056530475 
0.166981206163 
0.100310051474 
0.14238863027 
0.178407240826 
0.155733029123 
0.12867457788 
0.167262565892 
0.113828964576 
0.128086885814 
0.141535088056 
0.138635822569 
0.14803378965 
0.136075761764 
0.511561613687 
0.281900278563 
0.214233359643 
0.140852698988 
0.120978534328 
0.10077406683 
0.15068279977 
0.177912193871 
0.116851377905 
0.251913641736 
0.125537260157 
0.14571011933 
0.102534117354 
0.142769139963 
0.107687151841 
0.125702898537 
0.19038672419 
0.330747667688 
0.150009756671 
0.13016508178 
0.53195690124 
0.111936540437 
0.208956803068 
0.131852803537 
0.225006234942 
0.113733821061 
0.12364687557 
0.116253853765 
0.135855215566 
0.165208769669 
0.109739706063 
0.101600007401 
0.106983633017 
0.107927001207 
0.111778853982 
0.210289300766 
0.185024280684 
0.219634679646 
0.107534233106 
0.129975304136 
0.162199168187 
0.178499439574 
0.170846147106 
0.368696345163 
0.173575885012 
0.218756759088 
0.162347591815 
0.121585717047 
0.152438189076 
0.119412535104 
0.109229762604 
0.13176130188 
0.119538034457 
0.165630435855 
0.111715565072 
0.181891229267 
0.310225086224 
0.115887402989 
0.134009034268 
0.423523789914 
0.216124000267 
0.118388423604 
0.144234802801 
0.279901860328 
0.122040938765 
0.123879365679 
0.10980320522 
0.223717483526 
0.128393027593 
0.173286989657 
0.127018173506 
0.156392559196 
0.195606362114 
0.193420018025 
0.110182041226 
0.109510181434 
0.101334938515 
0.188729666148 
0.470507221539 
0.195859517553 
0.114736943633 
0.112901123498 
0.412990853081 
0.114822777661 
0.100254237674 
0.125350399867 
0.102269689856 
0.313938569086 
0.123810483252 
0.128194166302 
0.156555312569 
0.116308249109 
0.108474459171 
0.118314563679 
0.113002894271 
0.105388477838 
0.102059805834 
0.347708155953 
0.227274564254 
0.184812636742 
0.241332385809 
0.19122105798 
0.140990894435 
0.100386921277 
0.122612633474 
0.330681600441 
0.171683378368 
0.131774827929 
0.156538391665 
0.129132584735 
0.255542394974 
0.155686110121 
0.119018199371 
0.111448975332 
0.114055726022 
0.182163817495 
0.326096548274 
0.122236069972 
0.101407614804 
0.111984921718 
0.107730631917 
0.11078905911 
0.442321712138 
0.119977127761 
0.224822592005 
0.15555751078 
0.101717286397 
0.344952549805 
0.157113537293 
0.233166873095 
0.185555700412 
0.136301968243 
0.116141149087 
0.120803772782 
0.33530845712 
0.238639689028 
0.19833392953 
0.138749767131 
0.233444314779 
0.111441177865 
0.106881682729 
0.12540095941 
0.118663629199 
0.119821851859 
0.130944619674 
0.144422485105 
0.131107067766 
0.129363727203 
0.167887317565 
0.112118706576 
0.152001085981 
0.146757245108 
0.104727022935 
0.103844858766 
0.128077700573 
0.100971995532 
0.105455827998 
0.11584033739 
0.128180859774 
0.142579715229 
0.141954710266 
0.126195585497 
0.122994816704 
0.105430643089 
0.141401730369 
0.100514033105 
0.108312566645 
0.109888998481 
0.10423914134 
0.101896003231 
0.115605415251 
0.102186947287 
0.119400952053 
0.102151427452 
0.103392554452 
0.103592274908 
0.126938893517 
0.111820939461 
0.102030434114 
0.100997658456 
0.135552652354 
0.103139396617 
0.124392840887 
0.126883067969 
0.117559834677 
0.105026842791 
0.137905804108 
0.166789687932 
0.101997758772 
0.216741472535 
0.110084362667 
0.119287491583 
0.118265877596 
0.122936789684 
0.272691981211 
0.116248697263 
0.227164071184 
0.221610476763 
0.11748207978 
0.160950756839 
0.133033389278 
0.126452405812 
0.104131439196 
0.145089186307 
0.415021015859 
0.148031619784 
0.114082755741 
0.131152717472 
0.118952983434 
0.176115363147 
0.119914972698 
0.141786163043 
0.124569315646 
0.102895739766 
0.160350697829 
0.220468521643 
0.125699300799 
0.144676294741 
0.13645546071 
0.120191503306 
0.122798822187 
0.168944593031 
0.413192486658 
0.180113920288 
0.101900463223 
0.150085845722 
0.145143532603 
0.199903348925 
0.136292392919 
0.158618658976 
0.111942966887 
0.117585343575 
0.125362055714 
0.110187480722 
0.121162166747 
0.154124671408 
0.238805284818 
0.104714373152 
0.38554506699 
0.15610632737 
0.102355953436 
0.16393461269 
0.12242175993 
0.114429651033 
0.100269446163 
0.127508216455 
0.114607414768 
0.104973903877 
0.436286075609 
0.319585427447 
0.195793247315 
0.165660130617 
0.189179778768 
0.208436003609 
0.105310984483 
0.143467778593 
0.177140820293 
0.169590774775 
0.167323040012 
0.115347115651 
0.119990633922 
0.133553498238 
0.121863015427 
0.103000966125 
0.118933552075 
0.245696312606 
0.13173576846 
0.103671140452 
0.450012082487 
0.197815046964 
0.112592208583 
0.185894738258 
0.190446700178 
0.156186487113 
0.171145481288 
0.169639556659 
0.131964450735 
0.422881147444 
0.267091990314 
0.192097735846 
0.155533275295 
0.169362213534 
0.165743137596 
0.116049028678 
0.11336891274 
0.262734128876 
0.114052410305 
0.270955542985 
0.174722303418 
0.166952790282 
0.104557735781 
0.104315360989 
0.101532705965 
0.139633101326 
0.11173743649 
0.197730259324 
0.11234942262 
0.104034581984 
0.104240870962 
0.515008625681 
0.260991475951 
0.102629535018 
0.232011678966 
0.151619202817 
0.187118211925 
0.14125847027 
0.165141615252 
0.200742466441 
0.112372919876 
0.172003808676 
0.155295218015 
0.15501330433 
0.13013157668 
0.16323873737 
0.105101621992 
0.129098226727 
0.32011532719 
0.129943228504 
0.102286998934 
0.374230315563 
0.119089510178 
0.129682702915 
0.126056530475 
0.166981206163 
0.100310051474 
0.14238863027 
0.178407240826 
0.155733029123 
0.12867457788 
0.167262565892 
0.113828964576 
0.128086885814 
0.141535088056 
0.138635822569 
0.14803378965 
0.136075761764 
0.511561613687 
0.281900278563 
0.214233359643 
0.140852698988 
0.120978534328 
0.10077406683 
0.15068279977 
0.177912193871 
0.116851377905 
0.251913641736 
0.125537260157 
0.14571011933 
0.102534117354 
0.142769139963 
0.107687151841 
0.125702898537 
0.19038672419 
0.330747667688 
0.150009756671 
0.13016508178 
0.53195690124 
0.111936540437 
0.208956803068 
0.131852803537 
0.225006234942 
0.113733821061 
0.12364687557 
0.116253853765 
0.135855215566 
0.165208769669 
0.109739706063 
0.101600007401 
0.106983633017 
0.107927001207 
0.111778853982 
0.210289300766 
0.185024280684 
0.219634679646 
0.107534233106 
0.129975304136 
0.162199168187 
0.178499439574 
0.170846147106 
0.368696345163 
0.173575885012 
0.218756759088 
0.162347591815 
0.121585717047 
0.152438189076 
0.119412535104 
0.109229762604 
0.13176130188 
0.119538034457 
0.165630435855 
0.111715565072 
0.181891229267 
0.310225086224 
0.115887402989 
0.134009034268 
0.423523789914 
0.216124000267 
0.118388423604 
0.144234802801 
0.279901860328 
0.122040938765 
0.123879365679 
0.10980320522 
0.223717483526 
0.128393027593 
0.173286989657 
0.127018173506 
0.156392559196 
0.195606362114 
0.193420018025 
0.110182041226 
0.109510181434 
0.101334938515 
0.188729666148 
0.470507221539 
0.195859517553 
0.114736943633 
0.112901123498 
0.412990853081 
0.114822777661 
0.100254237674 
0.125350399867 
0.102269689856 
0.313938569086 
0.123810483252 
0.128194166302 
0.156555312569 
0.116308249109 
0.108474459171 
0.118314563679 
0.113002894271 
0.105388477838 
0.102059805834 
0.347708155953 
0.227274564254 
0.184812636742 
0.241332385809 
0.19122105798 
0.140990894435 
0.100386921277 
0.122612633474 
0.330681600441 
0.171683378368 
0.131774827929 
0.156538391665 
0.129132584735 
0.255542394974 
0.155686110121 
0.119018199371 
0.111448975332 
0.114055726022 
0.182163817495 
0.326096548274 
0.122236069972 
0.101407614804 
0.111984921718 
0.107730631917 
0.11078905911 
0.442321712138 
0.119977127761 
0.224822592005 
0.15555751078 
0.101717286397 
0.344952549805 
0.157113537293 
0.233166873095 
0.185555700412 
0.136301968243 
0.116141149087 
0.120803772782 
0.33530845712 
0.238639689028 
0.19833392953 
0.138749767131 
0.233444314779 
0.111441177865 
0.106881682729 
0.12540095941 
0.118663629199 
0.119821851859 
0.130944619674 
0.144422485105 
0.131107067766 
0.129363727203 
0.167887317565 
0.112118706576 
0.152001085981 
0.146757245108 
0.104727022935 
0.103844858766 
0.128077700573 
0.100971995532 
0.105455827998 
0.11584033739 
0.128180859774 
0.142579715229 
0.141954710266 
0.126195585497 
0.122994816704 
0.105430643089 
0.10423914134 
0.101896003231 
0.115605415251 
0.102186947287 
0.119400952053 
0.102151427452 
0.103392554452 
0.103592274908 
0.126938893517 
0.111820939461 
0.102030434114 
0.100997658456 
0.135552652354 
0.103139396617 
0.124392840887 
0.126883067969 
0.117559834677 
0.105026842791 
0.137905804108 
0.166789687932 
0.101997758772 
0.216741472535 
0.110084362667 
0.119287491583 
0.118265877596 
0.122936789684 
0.272691981211 
0.116248697263 
0.227164071184 
0.221610476763 
0.11748207978 
0.160950756839 
0.133033389278 
0.126452405812 
0.104131439196 
0.145089186307 
0.415021015859 
0.148031619784 
0.114082755741 
0.131152717472 
0.118952983434 
0.176115363147 
0.119914972698 
0.141786163043 
0.124569315646 
0.102895739766 
0.160350697829 
0.220468521643 
0.125699300799 
0.144676294741 
0.13645546071 
0.120191503306 
0.122798822187 
0.168944593031 
0.413192486658 
0.180113920288 
0.101900463223 
0.150085845722 
0.145143532603 
0.199903348925 
0.136292392919 
0.158618658976 
0.111942966887 
0.117585343575 
0.125362055714 
0.110187480722 
0.121162166747 
0.154124671408 
0.238805284818 
0.104714373152 
0.38554506699 
0.15610632737 
0.102355953436 
0.16393461269 
0.12242175993 
0.114429651033 
0.100269446163 
0.127508216455 
0.114607414768 
0.104973903877 
0.436286075609 
0.319585427447 
0.195793247315 
0.165660130617 
0.189179778768 
0.208436003609 
0.105310984483 
0.143467778593 
0.177140820293 
0.169590774775 
0.167323040012 
0.115347115651 
0.119990633922 
0.133553498238 
0.121863015427 
0.103000966125 
0.118933552075 
0.245696312606 
0.13173576846 
0.103671140452 
0.450012082487 
0.197815046964 
0.112592208583 
0.185894738258 
0.190446700178 
0.156186487113 
0.171145481288 
0.169639556659 
0.131964450735 
0.422881147444 
0.267091990314 
0.192097735846 
0.155533275295 
0.169362213534 
0.165743137596 
0.116049028678 
0.11336891274 
0.262734128876 
0.114052410305 
0.270955542985 
0.174722303418 
0.166952790282 
0.104557735781 
0.104315360989 
0.101532705965 
0.139633101326 
0.11173743649 
0.197730259324 
0.11234942262 
0.104034581984 
0.104240870962 
0.515008625681 
0.260991475951 
0.102629535018 
0.232011678966 
0.151619202817 
0.187118211925 
0.14125847027 
0.165141615252 
0.200742466441 
0.112372919876 
0.172003808676 
0.155295218015 
0.15501330433 
0.13013157668 
0.16323873737 
0.105101621992 
0.129098226727 
0.32011532719 
0.129943228504 
0.102286998934 
0.374230315563 
0.119089510178 
0.129682702915 
0.126056530475 
0.166981206163 
0.100310051474 
0.14238863027 
0.178407240826 
0.155733029123 
0.12867457788 
0.167262565892 
0.113828964576 
0.128086885814 
0.141535088056 
0.138635822569 
0.14803378965 
0.136075761764 
0.511561613687 
0.281900278563 
0.214233359643 
0.140852698988 
0.120978534328 
0.10077406683 
0.15068279977 
0.177912193871 
0.116851377905 
0.251913641736 
0.125537260157 
0.14571011933 
0.102534117354 
0.142769139963 
0.107687151841 
0.125702898537 
0.19038672419 
0.330747667688 
0.150009756671 
0.13016508178 
0.53195690124 
0.111936540437 
0.208956803068 
0.131852803537 
0.225006234942 
0.113733821061 
0.12364687557 
0.116253853765 
0.135855215566 
